27;201707;24;677.00
49;201708;1;420.00
22;201706;4;928.00
28;201708;19;757.00
19;201708;5;237.00
6;201708;24;25.00
33;201704;25;581.00
7;201711;12;853.00
23;201710;2;59.00
38;201701;12;969.00
50;201710;8;463.00
13;201712;17;490.00
21;201704;6;486.00
5;201705;25;505.00
7;201710;3;512.00
15;201702;14;51.00
46;201702;8;567.00
19;201705;5;428.00
41;201712;21;982.00
27;201710;2;218.00
7;201711;9;744.00
28;201710;17;88.00
19;201704;16;97.00
22;201701;22;345.00
35;201708;23;670.00
11;201708;17;316.00
35;201707;19;156.00
47;201701;13;48.00
2;201710;8;451.00
41;201712;7;496.00
23;201703;23;305.00
9;201702;13;562.00
31;201707;22;815.00
3;201709;14;439.00
2;201703;19;141.00
11;201703;25;299.00
43;201702;16;951.00
22;201710;13;136.00
6;201705;16;594.00
46;201708;23;225.00
50;201704;5;41.00
38;201711;19;822.00
23;201701;3;912.00
17;201712;18;215.00
45;201708;19;814.00
24;201702;5;601.00
13;201705;9;889.00
5;201710;12;123.00
30;201712;23;663.00
18;201709;14;215.00
24;201706;16;854.00
8;201706;10;732.00
4;201710;11;506.00
14;201702;1;660.00
2;201711;2;542.00
10;201709;13;922.00
47;201708;21;698.00
46;201708;19;392.00
37;201710;22;662.00
38;201702;5;452.00
36;201703;22;581.00
18;201708;5;358.00
29;201710;10;85.00
48;201712;21;648.00
31;201710;4;699.00
44;201710;22;876.00
10;201701;11;274.00
2;201708;23;930.00
47;201702;11;186.00
43;201710;18;244.00
3;201704;14;494.00
31;201704;7;62.00
15;201711;21;228.00
34;201710;1;596.00
16;201709;16;188.00
14;201703;8;757.00
17;201712;3;757.00
47;201709;14;882.00
48;201708;23;493.00
5;201712;20;656.00
13;201710;21;556.00
28;201709;20;723.00
38;201702;16;715.00
7;201701;16;917.00
38;201712;17;570.00
10;201703;25;217.00
16;201702;18;320.00
35;201709;21;146.00
17;201702;13;255.00
34;201707;6;674.00
30;201712;1;964.00
8;201702;8;252.00
36;201712;24;586.00
27;201701;4;205.00
43;201710;25;725.00
13;201702;3;132.00
17;201707;9;691.00
9;201707;3;441.00
30;201712;3;837.00
11;201705;17;431.00
35;201703;24;3.00
27;201711;19;316.00
10;201702;9;320.00
42;201705;15;853.00
18;201703;20;186.00
2;201706;11;317.00
3;201707;6;312.00
44;201706;4;928.00
49;201705;20;853.00
2;201701;19;534.00
33;201705;18;974.00
45;201710;18;768.00
46;201707;1;85.00
15;201701;11;942.00
3;201703;10;360.00
5;201703;11;734.00
6;201701;13;423.00
35;201704;3;509.00
31;201708;12;568.00
29;201712;23;942.00
22;201708;4;242.00
19;201707;1;629.00
15;201704;20;776.00
48;201709;3;61.00
49;201704;3;282.00
9;201707;5;919.00
42;201701;10;522.00
16;201704;18;871.00
37;201701;21;997.00
13;201711;4;71.00
19;201708;8;598.00
21;201708;1;552.00
5;201702;3;439.00
21;201707;21;423.00
16;201707;8;977.00
6;201708;16;993.00
13;201712;19;614.00
21;201701;24;528.00
29;201705;16;342.00
12;201701;24;124.00
20;201704;12;437.00
7;201708;12;927.00
46;201706;16;6.00
40;201706;13;25.00
6;201704;3;776.00
22;201712;10;880.00
5;201702;23;636.00
19;201704;2;924.00
33;201704;10;546.00
5;201710;21;258.00
22;201706;1;878.00
50;201712;17;236.00
20;201711;5;172.00
21;201712;19;457.00
30;201701;9;883.00
3;201711;17;774.00
30;201707;2;995.00
24;201703;1;893.00
33;201712;1;547.00
1;201704;19;784.00
42;201702;20;710.00
35;201705;10;585.00
50;201705;19;804.00
45;201702;5;565.00
17;201711;9;954.00
34;201706;20;695.00
8;201703;24;150.00
8;201704;4;307.00
23;201704;1;483.00
35;201711;25;712.00
1;201708;14;288.00
28;201702;10;123.00
13;201708;16;618.00
14;201704;2;432.00
41;201701;8;48.00
7;201706;8;758.00
39;201712;15;460.00
21;201710;10;294.00
16;201706;6;873.00
24;201705;10;388.00
25;201711;12;902.00
20;201712;7;378.00
6;201706;14;738.00
24;201712;21;545.00
24;201709;18;151.00
25;201709;3;338.00
26;201712;15;746.00
37;201711;14;145.00
11;201704;7;689.00
3;201705;25;436.00
7;201701;5;567.00
19;201702;3;765.00
47;201703;2;123.00
40;201704;3;726.00
17;201702;11;920.00
40;201703;14;867.00
48;201708;20;131.00
20;201705;8;377.00
38;201701;17;951.00
4;201712;25;858.00
37;201704;6;265.00
1;201705;8;814.00
34;201707;2;371.00
44;201702;4;492.00
1;201703;3;355.00
21;201711;11;705.00
42;201702;13;375.00
31;201707;16;976.00
37;201710;13;213.00
36;201711;21;600.00
12;201711;8;112.00
24;201710;17;32.00
3;201709;15;297.00
15;201707;10;123.00
3;201711;4;200.00
29;201707;5;345.00
13;201711;7;629.00
47;201709;9;453.00
38;201708;13;742.00
13;201702;23;82.00
42;201712;3;646.00
7;201707;9;237.00
38;201708;14;938.00
12;201706;2;168.00
22;201703;15;3.00
29;201709;15;588.00
15;201701;1;380.00
46;201704;13;904.00
37;201709;23;812.00
28;201711;22;860.00
7;201702;14;467.00
8;201710;12;332.00
48;201705;11;462.00
31;201702;24;487.00
15;201707;11;973.00
20;201710;3;786.00
15;201702;11;650.00
33;201711;11;335.00
44;201707;25;863.00
25;201707;8;771.00
15;201712;21;873.00
33;201710;18;834.00
20;201711;6;212.00
19;201709;14;753.00
32;201704;20;294.00
16;201712;1;855.00
17;201711;14;38.00
33;201706;2;988.00
50;201702;2;159.00
16;201702;19;403.00
43;201711;12;224.00
50;201706;17;609.00
35;201707;25;551.00
7;201702;2;204.00
29;201702;11;866.00
46;201710;17;996.00
27;201704;22;377.00
5;201701;9;63.00
8;201702;10;606.00
5;201709;17;776.00
7;201707;16;360.00
15;201703;1;453.00
36;201704;17;321.00
14;201704;21;752.00
27;201712;18;909.00
26;201708;22;335.00
16;201705;11;381.00
46;201712;13;703.00
42;201707;1;185.00
49;201707;11;232.00
34;201709;9;995.00
34;201710;8;835.00
37;201705;10;256.00
45;201710;14;101.00
21;201710;20;998.00
45;201702;10;142.00
12;201701;4;957.00
14;201705;13;31.00
45;201702;10;806.00
27;201704;11;678.00
38;201704;14;547.00
19;201710;21;462.00
29;201704;8;504.00
41;201711;11;886.00
39;201710;13;774.00
17;201701;7;641.00
19;201708;6;997.00
45;201702;3;423.00
40;201707;3;737.00
43;201708;3;446.00
25;201702;7;444.00
33;201703;11;709.00
17;201711;13;23.00
30;201708;24;981.00
39;201706;20;866.00
38;201702;6;710.00
36;201709;13;785.00
27;201710;12;835.00
29;201708;14;171.00
5;201706;8;432.00
14;201702;23;808.00
26;201712;5;567.00
41;201703;4;452.00
36;201705;14;462.00
39;201704;1;97.00
4;201702;9;736.00
22;201705;1;676.00
44;201705;4;851.00
39;201712;24;221.00
40;201703;6;846.00
38;201701;3;981.00
29;201701;8;333.00
9;201707;21;189.00
50;201702;11;874.00
20;201706;2;860.00
50;201703;3;363.00
3;201703;6;29.00
33;201707;20;302.00
1;201705;7;648.00
39;201702;14;634.00
19;201703;9;602.00
41;201705;5;153.00
8;201709;1;906.00
10;201706;24;417.00
35;201706;4;337.00
28;201709;5;268.00
21;201704;6;547.00
3;201712;18;75.00
48;201710;22;491.00
20;201702;21;413.00
41;201705;23;358.00
15;201704;4;28.00
6;201704;24;895.00
27;201702;14;409.00
30;201704;4;998.00
1;201702;11;172.00
38;201710;1;194.00
45;201703;24;875.00
37;201704;20;711.00
42;201701;6;578.00
18;201706;13;738.00
21;201703;13;807.00
28;201709;23;572.00
35;201708;14;310.00
38;201703;17;17.00
30;201710;16;668.00
12;201710;4;653.00
10;201707;9;544.00
3;201703;23;887.00
11;201708;10;634.00
32;201706;8;501.00
49;201712;20;563.00
42;201710;9;836.00
6;201708;2;364.00
19;201708;5;724.00
5;201708;9;561.00
17;201703;9;616.00
42;201705;1;821.00
1;201708;10;912.00
43;201701;24;466.00
50;201709;22;154.00
1;201709;3;740.00
19;201705;16;178.00
25;201712;9;496.00
36;201712;10;486.00
13;201705;21;627.00
20;201709;9;240.00
41;201709;1;933.00
45;201702;19;102.00
2;201705;24;42.00
26;201712;12;940.00
28;201711;6;231.00
44;201712;11;521.00
24;201705;9;877.00
38;201709;8;363.00
27;201705;16;828.00
29;201701;10;856.00
40;201704;4;627.00
48;201702;13;312.00
37;201708;21;192.00
29;201701;13;956.00
33;201709;7;75.00
8;201709;23;253.00
26;201702;24;535.00
32;201704;15;661.00
6;201702;2;724.00
3;201706;2;64.00
18;201712;11;420.00
5;201712;20;686.00
9;201702;4;29.00
27;201709;21;37.00
29;201710;6;834.00
1;201710;19;44.00
7;201704;2;717.00
18;201702;22;339.00
4;201705;12;279.00
39;201706;9;686.00
44;201709;20;964.00
46;201709;2;230.00
19;201704;2;794.00
18;201707;20;294.00
38;201712;25;927.00
9;201707;24;800.00
48;201707;16;523.00
34;201704;6;963.00
32;201704;3;852.00
17;201702;22;645.00
34;201710;19;207.00
31;201707;11;995.00
23;201707;10;455.00
48;201711;4;686.00
29;201707;14;816.00
49;201704;17;390.00
5;201702;9;846.00
13;201708;2;185.00
20;201705;8;362.00
50;201708;24;246.00
48;201704;10;415.00
49;201701;11;744.00
11;201710;4;914.00
17;201703;1;510.00
20;201711;1;974.00
40;201709;13;503.00
11;201703;3;246.00
19;201711;9;911.00
6;201705;21;200.00
22;201712;23;695.00
8;201709;11;270.00
1;201703;18;640.00
19;201709;12;710.00
32;201702;25;698.00
21;201711;14;719.00
15;201709;9;700.00
13;201708;10;38.00
37;201712;25;677.00
40;201705;15;79.00
26;201711;7;741.00
17;201705;5;836.00
28;201712;8;362.00
50;201702;20;763.00
21;201711;5;954.00
43;201711;9;170.00
16;201707;20;196.00
43;201708;20;338.00
12;201702;22;227.00
30;201702;8;930.00
48;201701;12;97.00
6;201705;4;478.00
37;201709;4;472.00
37;201703;24;456.00
43;201702;7;611.00
1;201711;19;274.00
19;201703;15;137.00
47;201704;4;50.00
9;201710;4;348.00
35;201709;20;635.00
42;201707;6;67.00
11;201709;22;282.00
42;201706;2;215.00
21;201705;1;156.00
41;201710;13;133.00
14;201706;11;507.00
46;201710;19;743.00
45;201705;7;766.00
4;201702;8;13.00
2;201707;1;611.00
36;201705;8;560.00
21;201701;7;517.00
50;201706;5;560.00
4;201701;20;323.00
15;201712;12;879.00
28;201704;24;911.00
50;201704;14;516.00
6;201707;2;652.00
2;201709;5;540.00
13;201710;4;911.00
12;201706;4;571.00
32;201707;16;577.00
44;201707;19;511.00
21;201709;18;675.00
45;201708;3;709.00
12;201712;4;30.00
15;201704;19;800.00
50;201701;24;525.00
13;201704;14;802.00
39;201703;6;1.00
34;201711;2;869.00
6;201707;8;28.00
19;201702;6;240.00
5;201708;16;625.00
31;201701;24;665.00
35;201704;4;723.00
6;201704;7;83.00
11;201707;5;265.00
48;201702;23;906.00
18;201701;19;972.00
18;201704;21;146.00
27;201707;2;378.00
33;201702;14;141.00
10;201703;6;569.00
1;201711;18;118.00
24;201701;16;508.00
14;201712;8;376.00
34;201706;19;682.00
18;201709;17;446.00
6;201711;5;683.00
44;201709;18;192.00
4;201708;23;721.00
2;201710;16;64.00
40;201705;6;141.00
20;201704;3;286.00
43;201710;13;236.00
12;201710;20;433.00
34;201708;9;205.00
43;201707;14;366.00
20;201703;13;455.00
44;201701;13;757.00
48;201708;13;259.00
21;201709;1;248.00
19;201711;8;365.00
5;201706;1;748.00
47;201706;23;228.00
43;201710;23;238.00
20;201705;23;35.00
14;201702;17;261.00
29;201711;24;809.00
34;201702;7;256.00
35;201711;7;380.00
14;201703;15;23.00
33;201702;14;268.00
5;201712;19;936.00
48;201706;5;157.00
1;201704;17;505.00
23;201708;23;136.00
31;201705;14;671.00
26;201711;10;62.00
47;201703;22;227.00
28;201710;5;124.00
6;201704;22;335.00
15;201702;24;855.00
16;201707;11;957.00
45;201704;21;210.00
34;201704;13;211.00
49;201703;5;953.00
2;201703;11;36.00
24;201712;11;328.00
16;201711;3;765.00
43;201708;4;442.00
4;201702;19;343.00
10;201702;1;802.00
43;201703;1;874.00
21;201708;23;579.00
39;201707;13;542.00
42;201707;1;421.00
29;201708;14;431.00
6;201705;5;49.00
23;201707;7;67.00
18;201712;14;453.00
48;201706;2;738.00
41;201703;18;735.00
13;201704;7;158.00
36;201705;9;902.00
47;201710;21;824.00
25;201711;23;23.00
31;201705;17;2.00
25;201704;24;153.00
32;201709;19;884.00
25;201711;19;676.00
27;201709;13;886.00
27;201709;9;269.00
30;201706;22;992.00
33;201704;5;868.00
46;201710;3;226.00
24;201706;15;547.00
30;201701;6;949.00
23;201707;1;652.00
1;201707;24;864.00
4;201705;24;706.00
49;201708;17;889.00
48;201708;10;840.00
18;201702;8;368.00
42;201702;7;721.00
46;201702;2;521.00
41;201709;7;386.00
39;201709;25;45.00
6;201710;7;751.00
4;201701;24;393.00
31;201706;3;68.00
27;201710;22;339.00
32;201707;4;979.00
50;201707;7;816.00
26;201712;25;220.00
42;201708;25;810.00
41;201706;2;176.00
9;201703;2;206.00
16;201703;12;362.00
2;201708;18;820.00
35;201705;18;936.00
36;201702;21;460.00
13;201704;1;199.00
50;201704;1;759.00
30;201707;15;539.00
45;201703;21;869.00
1;201702;1;986.00
26;201704;22;269.00
26;201706;15;248.00
13;201711;14;495.00
37;201702;9;311.00
46;201712;3;287.00
26;201704;10;863.00
26;201706;3;837.00
50;201701;7;854.00
23;201709;8;690.00
3;201701;10;67.00
12;201705;2;184.00
45;201712;16;499.00
4;201708;21;611.00
41;201707;6;248.00
1;201707;4;67.00
17;201704;17;321.00
40;201712;11;235.00
20;201711;20;426.00
28;201709;21;497.00
26;201708;7;296.00
43;201703;14;383.00
12;201711;18;821.00
41;201704;24;114.00
27;201703;8;601.00
45;201711;2;434.00
6;201704;16;54.00
4;201705;19;769.00
34;201705;11;396.00
5;201707;21;606.00
23;201711;16;854.00
32;201705;18;472.00
30;201709;8;308.00
1;201703;13;52.00
41;201712;12;508.00
21;201712;6;383.00
1;201709;14;947.00
18;201712;6;535.00
42;201704;15;132.00
49;201703;17;980.00
43;201705;19;154.00
31;201708;9;778.00
27;201701;19;139.00
12;201712;25;285.00
8;201705;15;192.00
23;201709;8;374.00
41;201710;15;305.00
2;201702;11;870.00
17;201707;21;666.00
22;201712;25;515.00
14;201702;5;207.00
28;201709;23;695.00
18;201709;3;597.00
9;201704;12;940.00
26;201703;11;513.00
4;201712;11;899.00
39;201706;21;624.00
28;201701;12;393.00
30;201711;24;947.00
20;201710;3;337.00
13;201707;13;557.00
6;201712;5;803.00
47;201702;11;710.00
46;201706;1;768.00
48;201709;3;719.00
19;201704;1;377.00
47;201702;20;22.00
42;201709;18;273.00
22;201709;21;83.00
40;201704;22;657.00
38;201709;1;859.00
16;201701;12;210.00
1;201701;21;624.00
43;201708;18;950.00
1;201712;15;515.00
41;201704;12;798.00
1;201702;22;240.00
28;201705;15;960.00
43;201707;11;147.00
8;201706;20;267.00
26;201708;1;825.00
38;201708;21;386.00
35;201703;17;980.00
40;201712;1;399.00
4;201706;23;199.00
3;201702;7;865.00
25;201711;12;703.00
25;201707;17;335.00
19;201701;13;359.00
21;201711;12;282.00
39;201707;4;328.00
30;201705;15;26.00
48;201711;18;581.00
20;201710;22;168.00
47;201706;24;739.00
36;201702;3;647.00
8;201705;14;624.00
23;201710;19;451.00
12;201709;5;298.00
41;201704;6;272.00
10;201706;22;675.00
46;201709;6;332.00
19;201708;24;26.00
41;201701;8;272.00
12;201705;12;350.00
11;201707;18;151.00
3;201710;6;492.00
12;201711;8;743.00
45;201701;19;433.00
41;201707;5;518.00
38;201708;13;244.00
7;201710;2;481.00
20;201708;6;34.00
14;201708;1;205.00
48;201703;23;265.00
21;201707;15;409.00
14;201708;25;383.00
22;201708;17;314.00
30;201710;7;62.00
36;201708;11;445.00
22;201701;24;846.00
43;201704;4;961.00
43;201705;2;904.00
26;201709;1;157.00
44;201708;17;116.00
2;201702;21;809.00
18;201703;17;847.00
9;201703;25;864.00
35;201705;24;884.00
43;201701;20;951.00
20;201704;13;514.00
3;201707;6;695.00
39;201710;4;198.00
33;201712;25;592.00
28;201710;23;635.00
25;201706;10;724.00
10;201704;1;382.00
47;201710;6;122.00
22;201704;21;921.00
43;201710;20;833.00
33;201711;20;224.00
20;201706;3;106.00
28;201712;17;809.00
48;201702;14;778.00
12;201706;3;613.00
49;201709;6;290.00
7;201701;10;604.00
22;201702;11;6.00
7;201704;13;315.00
19;201706;12;879.00
49;201710;24;333.00
34;201706;24;918.00
20;201702;22;198.00
30;201709;8;332.00
33;201704;10;109.00
10;201701;1;767.00
36;201709;20;750.00
29;201701;22;223.00
11;201708;6;518.00
2;201702;5;122.00
43;201702;6;244.00
47;201711;15;136.00
22;201702;17;771.00
19;201708;19;801.00
44;201702;25;753.00
44;201709;19;546.00
26;201712;18;644.00
44;201711;14;395.00
1;201707;3;186.00
13;201709;4;5.00
42;201707;22;555.00
19;201706;13;193.00
39;201704;12;328.00
14;201701;9;660.00
49;201702;4;240.00
39;201702;15;580.00
27;201712;1;525.00
46;201701;18;572.00
2;201712;1;664.00
9;201709;25;842.00
30;201704;11;852.00
3;201712;6;355.00
44;201705;20;95.00
19;201705;19;379.00
9;201704;22;509.00
23;201704;20;833.00
21;201706;22;451.00
29;201712;5;475.00
16;201703;16;979.00
35;201710;24;217.00
3;201703;19;232.00
49;201711;3;466.00
48;201709;1;822.00
40;201707;14;640.00
19;201711;21;500.00
40;201704;1;763.00
5;201709;7;753.00
32;201708;7;837.00
4;201706;24;200.00
38;201706;1;33.00
13;201711;12;468.00
48;201703;25;456.00
24;201701;2;169.00
26;201703;2;231.00
26;201702;15;664.00
4;201712;8;748.00
23;201708;1;894.00
25;201706;20;109.00
25;201712;5;286.00
8;201712;13;720.00
18;201709;6;243.00
16;201708;1;910.00
2;201705;4;123.00
43;201701;15;980.00
19;201710;15;930.00
40;201711;11;115.00
10;201706;3;11.00
3;201708;5;389.00
47;201712;16;902.00
46;201704;1;810.00
39;201711;18;488.00
50;201701;25;128.00
37;201708;24;45.00
42;201702;13;139.00
45;201701;7;961.00
37;201707;5;72.00
19;201712;21;180.00
25;201701;25;899.00
4;201701;12;825.00
24;201703;4;412.00
3;201709;4;338.00
20;201703;10;491.00
32;201701;7;211.00
18;201707;2;779.00
10;201710;17;953.00
26;201712;8;874.00
8;201701;14;64.00
40;201702;8;718.00
8;201710;16;846.00
49;201703;4;785.00
6;201711;18;649.00
45;201712;23;100.0
9;201712;16;42.00
14;201705;22;457.00
4;201707;9;588.00
20;201712;14;116.00
20;201709;10;863.00
28;201702;22;340.00
44;201703;3;302.00
35;201711;24;797.00
11;201703;17;388.00
32;201702;8;74.00
15;201706;10;294.00
40;201710;9;655.00
20;201707;20;699.00
45;201702;1;943.00
29;201702;10;855.00
15;201706;1;366.00
28;201710;19;970.00
49;201708;5;632.00
22;201709;11;850.00
8;201711;7;425.00
35;201704;23;245.00
8;201709;9;916.00
22;201707;20;250.00
30;201706;6;771.00
11;201709;12;894.00
19;201706;11;994.00
20;201710;2;571.00
9;201712;2;750.00
12;201702;23;64.00
32;201701;11;818.00
8;201712;19;378.00
12;201706;17;985.00
16;201709;16;544.00
18;201710;11;565.00
17;201705;1;372.00
49;201705;7;573.00
23;201701;23;316.00
8;201709;10;884.00
18;201712;2;492.00
27;201704;13;152.00
23;201702;20;472.00
3;201708;4;190.00
2;201701;3;46.00
14;201709;3;200.00
37;201711;10;82.00
24;201703;1;184.00
44;201702;24;483.00
49;201703;7;144.00
42;201712;18;920.00
21;201710;6;230.00
11;201701;1;968.00
27;201712;20;871.00
30;201707;9;182.00
29;201710;17;867.00
27;201710;20;576.00
47;201709;18;837.00
46;201702;18;15.00
20;201709;20;86.00
32;201705;10;477.00
31;201705;12;85.00
27;201711;12;405.00
11;201710;14;318.00
46;201702;4;67.00
33;201708;2;772.00
15;201707;10;902.00
48;201707;13;269.00
24;201707;11;44.00
14;201711;24;249.00
35;201703;22;418.00
30;201706;22;901.00
23;201710;20;379.00
24;201703;16;207.00
29;201710;18;793.00
32;201706;3;731.00
26;201706;12;962.00
39;201710;15;453.00
14;201711;13;179.00
19;201704;14;256.00
36;201705;25;47.00
46;201704;18;54.00
30;201708;25;704.00
4;201712;16;45.00
32;201712;13;662.00
34;201712;2;161.00
26;201710;16;341.00
39;201712;1;419.00
30;201703;9;611.00
39;201701;13;86.00
47;201712;3;937.00
6;201708;14;135.00
4;201709;3;791.00
33;201712;9;19.00
10;201709;2;909.00
3;201702;9;743.00
10;201704;16;166.00
9;201704;11;228.00
32;201702;13;463.00
20;201711;1;168.00
21;201705;4;254.00
14;201701;6;735.00
37;201705;25;507.00
44;201702;5;61.00
4;201704;6;721.00
3;201706;15;947.00
33;201711;10;456.00
46;201704;18;55.00
50;201701;19;147.00
15;201705;12;894.00
40;201703;5;953.00
10;201704;24;41.00
13;201706;22;922.00
12;201704;24;804.00
40;201703;14;497.00
1;201704;6;197.00
16;201701;5;524.00
23;201711;17;702.00
47;201702;4;883.00
6;201703;12;10.0
36;201704;13;786.00
20;201711;24;708.00
13;201712;6;904.00
39;201702;24;263.00
34;201707;7;394.00
46;201707;12;296.00
20;201706;8;751.00
6;201709;13;373.00
39;201709;10;922.00
40;201704;23;104.00
15;201712;2;349.00
41;201708;6;49.00
25;201708;24;628.00
21;201703;11;649.00
44;201707;13;422.00
32;201710;23;657.00
40;201706;17;24.00
8;201706;22;288.00
5;201702;23;519.00
15;201706;16;266.00
27;201708;8;361.00
15;201711;8;606.00
50;201708;22;829.00
18;201702;8;324.00
1;201703;12;457.00
23;201711;9;517.00
12;201706;25;638.00
36;201712;25;726.00
32;201711;11;657.00
11;201707;6;333.00
39;201707;21;217.00
34;201711;7;604.00
36;201712;21;3.00
16;201710;16;361.00
21;201709;23;789.00
14;201601;14;207.00
27;201602;1;101.00
41;201608;25;478.00
43;201612;13;831.00
32;201606;16;825.00
43;201605;5;126.00
23;201602;1;439.00
43;201605;11;261.00
37;201603;19;783.00
7;201608;4;901.00
1;201608;5;673.00
18;201604;13;111.00
2;201611;4;465.00
6;201612;4;795.00
10;201611;20;889.00
35;201605;18;922.00
13;201604;14;74.00
43;201607;19;871.00
9;201604;4;637.00
36;201608;11;48.00
33;201602;21;114.00
36;201603;14;835.00
30;201609;8;272.00
48;201606;18;264.00
30;201609;6;194.00
43;201604;17;252.00
39;201608;3;839.00
48;201603;13;606.00
22;201606;2;269.00
49;201605;9;361.00
41;201603;10;774.00
33;201606;7;917.00
28;201612;4;691.00
29;201604;15;219.00
3;201605;1;649.00
44;201602;23;20.00
38;201611;10;185.00
49;201604;9;499.00
31;201605;5;562.00
18;201612;21;583.00
5;201608;19;919.00
4;201610;6;722.00
35;201607;3;698.00
6;201609;22;45.00
28;201601;22;57.00
29;201611;5;22.00
20;201602;3;949.00
11;201611;8;562.00
17;201609;15;883.00
1;201607;21;468.00
28;201608;9;869.00
45;201610;23;566.00
35;201604;23;246.00
14;201603;22;641.00
30;201603;1;747.00
28;201608;16;233.00
47;201605;9;617.00
21;201601;24;852.00
37;201604;20;507.00
2;201610;3;353.00
23;201608;14;565.00
12;201602;8;688.00
12;201602;5;183.00
39;201603;10;240.00
25;201601;5;66.00
11;201609;12;923.00
35;201611;6;723.00
46;201601;11;456.00
9;201606;9;608.00
25;201610;13;391.00
27;201605;17;23.00
18;201602;16;776.00
32;201612;25;48.00
1;201603;10;467.00
39;201611;10;414.00
50;201609;3;377.00
36;201602;23;757.00
31;201611;14;612.00
15;201609;13;43.00
12;201602;17;175.00
14;201603;2;289.00
35;201605;21;819.00
44;201609;15;293.00
26;201606;17;390.00
41;201608;13;552.00
23;201603;4;893.00
31;201603;22;717.00
45;201602;7;711.00
50;201604;20;406.00
46;201608;11;901.00
35;201611;18;683.00
26;201604;10;901.00
26;201612;3;188.00
37;201612;4;365.00
30;201608;5;966.00
30;201603;14;36.00
29;201607;15;653.00
13;201612;17;504.00
28;201602;15;217.00
37;201606;24;889.00
2;201612;12;353.00
40;201609;7;637.00
11;201611;23;91.00
28;201605;25;853.00
44;201603;12;894.00
50;201602;23;850.00
41;201610;24;473.00
2;201606;9;934.00
48;201610;5;975.00
27;201603;12;735.00
35;201605;1;49.00
39;201603;12;273.00
45;201610;5;666.00
7;201612;14;277.00
10;201601;22;408.00
21;201606;1;464.00
5;201609;2;42.00
26;201611;16;46.00
18;201606;20;115.00
41;201611;12;401.00
38;201611;11;492.00
23;201611;14;124.00
3;201607;23;94.00
37;201608;25;888.00
43;201607;9;945.00
38;201608;10;124.00
49;201612;19;713.00
16;201605;11;830.00
41;201612;14;722.00
11;201609;15;452.00
21;201610;16;964.00
33;201605;25;678.00
9;201612;15;606.00
31;201602;19;728.00
25;201608;3;97.00
6;201607;16;819.00
7;201607;17;498.00
31;201611;22;723.00
21;201612;13;49.00
3;201610;10;127.00
50;201607;1;661.00
5;201606;4;701.00
23;201609;14;284.00
43;201610;18;779.00
2;201606;2;291.00
31;201603;6;529.00
49;201607;4;289.00
12;201603;6;190.00
47;201601;24;572.00
28;201612;12;846.00
1;201605;9;192.00
37;201605;10;313.00
17;201611;1;316.00
24;201609;18;795.00
42;201608;13;178.00
33;201607;24;880.00
50;201605;20;421.00
33;201612;5;435.00
25;201603;13;424.00
27;201607;22;922.00
3;201609;24;979.00
26;201604;3;723.00
20;201610;21;120.00
43;201612;4;357.00
16;201609;13;570.00
32;201610;4;670.00
45;201612;2;803.00
3;201607;5;908.00
42;201610;8;726.00
25;201607;12;1.00
3;201608;20;503.00
20;201601;23;544.00
15;201603;14;340.00
47;201608;2;559.00
36;201609;2;500.00
27;201610;4;465.00
12;201611;17;785.00
37;201602;17;545.00
3;201609;4;922.00
30;201605;24;947.00
10;201602;21;626.00
19;201605;16;715.00
48;201605;15;705.00
24;201607;1;559.00
16;201612;18;636.00
40;201609;14;364.00
29;201609;25;185.00
28;201608;11;391.00
7;201610;5;594.00
34;201611;24;404.00
14;201605;4;315.00
6;201612;13;986.00
10;201606;2;28.00
47;201606;21;186.00
7;201608;18;915.00
44;201602;7;954.00
37;201612;23;921.00
1;201603;13;687.00
46;201610;4;846.00
10;201602;1;465.00
34;201602;12;580.00
19;201609;5;556.00
30;201612;4;637.00
48;201601;7;295.00
2;201606;5;3.00
9;201608;1;159.00
46;201612;14;322.00
44;201604;24;206.00
45;201607;22;169.00
49;201610;25;798.00
19;201610;2;218.00
17;201601;3;380.00
46;201601;25;899.00
46;201612;23;563.00
50;201607;20;163.00
3;201602;13;792.00
15;201604;12;867.00
34;201608;11;482.00
50;201602;5;344.00
1;201603;16;761.00
8;201601;20;541.00
22;201607;10;81.00
1;201611;3;213.00
9;201606;8;256.00
44;201612;25;536.00
40;201602;8;261.00
13;201602;8;850.00
5;201605;7;710.00
26;201604;9;579.00
35;201606;2;723.00
14;201603;12;221.00
18;201601;3;59.00
46;201612;12;973.00
14;201605;6;279.00
27;201609;5;964.00
50;201604;5;290.00
49;201605;20;631.00
21;201609;24;756.00
44;201610;19;64.00
23;201611;22;602.00
39;201605;2;494.00
7;201605;17;651.00
22;201607;2;670.00
1;201602;7;564.00
37;201605;22;82.00
41;201607;14;251.00
22;201609;1;164.00
25;201605;19;579.00
19;201604;4;617.00
9;201610;16;379.00
11;201603;17;431.00
17;201608;5;772.00
29;201606;14;600.00
5;201608;20;877.00
40;201606;8;723.00
48;201602;5;911.00
8;201608;11;647.00
11;201609;5;332.00
1;201602;16;172.00
11;201605;2;414.00
8;201602;15;462.00
33;201610;25;890.00
19;201605;11;412.00
31;201609;10;540.00
43;201610;10;307.00
23;201604;6;270.00
23;201603;9;730.00
44;201607;8;584.00
30;201608;19;181.00
31;201610;9;252.00
12;201607;12;198.00
15;201602;17;53.00
37;201605;5;424.00
1;201612;2;446.00
32;201612;11;398.00
25;201608;8;34.00
32;201606;4;186.00
4;201604;25;456.00
21;201612;12;410.00
36;201610;25;479.00
38;201611;23;229.00
41;201610;12;846.00
43;201606;3;248.00
39;201605;9;755.00
24;201601;11;650.00
1;201612;10;750.00
47;201607;13;243.00
35;201607;5;178.00
32;201605;24;380.00
34;201605;4;801.00
44;201606;7;578.00
32;201604;6;732.00
50;201604;6;402.00
46;201605;14;904.00
32;201603;10;925.00
32;201601;11;495.00
29;201603;9;914.00
4;201608;15;221.00
45;201612;12;260.00
50;201602;8;814.00
43;201606;10;294.00
40;201603;20;636.00
4;201601;14;902.00
13;201611;18;936.00
36;201604;2;492.00
35;201608;8;493.00
6;201610;5;602.00
20;201601;19;566.00
30;201608;3;81.00
32;201604;9;49.00
14;201606;22;76.00
39;201607;18;19.00
34;201610;11;375.00
21;201606;15;521.00
29;201606;17;439.00
45;201606;3;725.00
30;201612;9;11.00
10;201610;6;210.00
27;201610;3;746.00
7;201611;1;901.00
27;201612;16;881.00
48;201605;10;398.00
15;201608;8;205.00
16;201608;6;673.00
47;201606;1;838.00
27;201604;6;825.00
4;201601;12;410.00
25;201611;23;988.00
23;201606;9;552.00
6;201603;25;339.00
41;201601;22;847.00
36;201612;18;206.00
23;201603;17;342.00
18;201607;20;348.00
22;201612;9;301.00
9;201605;23;772.00
23;201610;23;633.00
31;201608;6;510.00
1;201612;12;857.00
15;201602;22;229.00
13;201604;13;929.00
35;201604;22;620.00
18;201605;1;745.00
46;201609;18;587.00
37;201607;18;16.00
49;201605;18;825.00
1;201610;8;908.00
25;201606;25;810.00
36;201603;17;475.00
30;201606;12;96.00
5;201602;14;528.00
28;201605;7;619.00
45;201611;18;703.00
2;201605;22;156.00
38;201610;19;57.00
28;201605;3;737.00
39;201608;24;178.00
9;201604;1;237.00
15;201607;4;131.00
21;201601;8;596.00
43;201602;14;462.00
37;201605;11;807.00
33;201612;3;989.00
4;201610;9;984.00
7;201605;12;660.00
38;201608;15;449.00
12;201605;15;947.00
17;201612;6;569.00
15;201612;4;137.00
48;201608;21;267.00
16;201610;5;730.00
42;201604;25;64.00
24;201604;15;445.00
20;201602;2;267.00
48;201607;6;215.00
46;201601;21;896.00
2;201612;14;964.00
39;201609;22;426.00
11;201610;3;147.00
32;201605;6;311.00
43;201605;9;574.00
15;201610;14;739.00
41;201605;6;53.00
27;201609;25;238.00
42;201601;23;703.00
16;201611;3;94.00
26;201607;25;362.00
3;201601;6;67.00
45;201601;7;329.00
32;201604;15;591.00
39;201608;23;28.00
15;201612;23;894.00
13;201603;2;93.00
18;201606;8;221.00
4;201609;5;958.00
15;201601;24;11.00
26;201610;23;979.00
27;201609;15;307.00
6;201605;16;649.00
38;201601;16;60.00
38;201609;22;847.00
46;201601;8;816.00
12;201601;13;832.00
32;201612;17;464.00
9;201603;18;6.00
8;201604;24;923.00
25;201611;8;809.00
24;201608;14;933.00
24;201602;14;937.00
9;201603;23;239.00
21;201605;12;674.00
45;201603;17;188.00
38;201606;9;682.00
9;201606;8;385.00
1;201609;22;566.00
1;201609;13;437.00
22;201604;6;9.00
49;201601;5;757.00
39;201610;19;145.00
43;201610;1;863.00
24;201603;4;962.00
26;201605;2;677.00
6;201601;25;573.00
4;201611;21;507.00
43;201602;14;870.00
47;201612;16;677.00
23;201607;23;737.00
30;201602;15;274.00
12;201601;24;335.00
25;201610;17;204.00
28;201607;1;212.00
9;201601;24;979.00
14;201609;25;428.00
31;201608;19;288.00
33;201612;25;460.00
8;201606;5;265.00
39;201602;19;494.00
10;201608;5;557.00
8;201606;12;204.00
47;201609;12;925.00
49;201609;17;328.00
23;201612;4;597.00
11;201610;20;393.00
13;201612;2;710.00
12;201611;17;603.00
20;201609;7;690.00
45;201602;5;933.00
34;201601;21;134.00
21;201604;10;237.00
17;201606;25;452.00
47;201612;13;661.00
3;201609;9;800.00
42;201608;1;599.00
3;201608;9;953.00
22;201605;2;897.00
22;201610;19;368.00
24;201603;10;639.00
4;201609;19;807.00
46;201612;17;744.00
14;201609;22;619.00
36;201601;6;998.00
19;201607;18;609.00
13;201602;2;433.00
15;201608;5;417.00
19;201606;25;46.00
45;201603;18;223.00
3;201603;16;175.00
42;201605;13;44.00
35;201603;20;118.00
37;201610;3;505.00
36;201607;7;260.00
26;201611;7;76.00
9;201604;14;106.00
38;201603;10;778.00
40;201603;16;891.00
9;201607;25;409.00
11;201608;7;451.00
42;201605;21;774.00
11;201603;15;602.00
29;201608;11;882.00
23;201611;15;3.00
11;201603;3;319.00
47;201601;19;124.00
46;201606;8;120.00
5;201611;21;938.00
33;201605;15;300.00
26;201607;15;128.00
32;201601;7;605.00
2;201612;21;616.00
38;201611;11;794.00
7;201611;15;678.00
1;201608;21;748.00
44;201602;6;127.00
30;201611;15;167.00
25;201612;6;348.00
14;201609;10;369.00
2;201601;20;552.00
8;201608;3;223.00
25;201610;17;838.00
43;201604;7;118.00
25;201606;4;646.00
22;201604;18;591.00
42;201607;11;809.00
25;201603;19;273.00
26;201611;24;415.00
29;201611;14;600.00
7;201608;4;717.00
16;201603;14;453.00
48;201609;12;790.00
32;201608;4;725.00
37;201603;19;272.00
25;201608;8;408.00
18;201611;7;472.00
4;201608;11;866.00
30;201603;11;148.00
40;201611;2;244.00
24;201612;9;886.00
38;201606;12;86.00
47;201612;3;972.00
10;201605;20;15.00
50;201610;12;543.00
25;201612;6;401.00
33;201606;17;442.00
40;201612;13;548.00
19;201609;17;526.00
22;201610;1;30.00
48;201608;20;408.00
43;201609;10;849.00
7;201607;14;482.00
37;201602;19;731.00
28;201608;17;197.00
40;201604;1;845.00
14;201601;2;471.00
9;201604;14;445.00
11;201606;2;787.00
16;201603;6;9.00
39;201605;9;591.00
41;201612;24;411.00
48;201609;13;876.00
9;201608;4;164.00
26;201604;24;950.00
4;201606;25;511.00
19;201610;20;215.00
50;201612;25;891.00
12;201607;17;76.00
3;201603;2;718.00
17;201605;24;48.00
34;201606;21;818.00
32;201606;14;241.00
40;201612;21;876.00
40;201603;15;485.00
4;201611;3;577.00
11;201606;12;824.00
33;201612;20;506.00
13;201612;18;246.00
10;201602;12;785.00
6;201606;7;579.00
49;201603;9;816.00
44;201611;14;524.00
19;201603;14;311.00
37;201604;15;27.00
21;201610;24;388.00
43;201607;22;664.00
45;201612;17;678.00
17;201604;23;639.00
9;201602;1;978.00
34;201603;5;709.00
16;201602;15;485.00
42;201602;24;536.00
45;201605;7;843.00
34;201603;7;11.00
21;201607;24;595.00
32;201601;1;1.00
31;201607;12;840.00
29;201604;9;892.00
42;201606;2;135.00
46;201607;9;403.00
50;201609;23;672.00
9;201605;3;468.00
2;201608;7;479.00
2;201602;20;543.00
23;201609;14;480.00
33;201611;21;259.00
12;201601;6;78.00
26;201607;1;923.00
5;201606;23;885.00
3;201604;17;180.00
3;201609;9;634.00
23;201612;2;778.00
22;201609;6;648.00
24;201605;24;874.00
11;201610;6;696.00
12;201601;9;880.00
14;201606;16;145.00
38;201612;1;419.00
20;201601;11;61.00
28;201612;10;148.00
43;201610;19;125.00
33;201606;16;829.00
37;201605;19;794.00
29;201611;8;368.00
7;201607;8;102.00
21;201610;11;8.00
43;201611;11;16.00
21;201602;5;193.00
38;201605;4;751.00
16;201612;17;583.00
38;201610;7;771.00
48;201601;22;197.00
40;201611;24;574.00
9;201601;23;155.00
47;201609;4;330.00
33;201609;22;121.00
14;201611;17;502.00
23;201605;9;240.00
36;201610;2;383.00
25;201601;25;555.00
16;201608;25;606.00
39;201601;25;241.00
25;201604;15;441.00
9;201608;4;432.00
3;201605;4;3.00
5;201612;3;672.00
41;201604;15;433.00
15;201610;1;44.00
13;201601;20;47.00
47;201604;9;190.00
10;201610;19;649.00
12;201611;5;670.00
4;201609;6;5.00
3;201607;13;80.00
24;201603;1;117.00
2;201610;4;975.00
42;201603;3;443.00
47;201607;22;154.00
17;201601;17;772.00
33;201606;21;73.00
39;201605;18;253.00
34;201603;21;493.00
22;201609;21;195.00
35;201607;20;866.00
14;201605;2;131.00
8;201609;2;289.00
1;201607;25;37.00
22;201601;19;739.00
34;201603;2;271.00
3;201605;22;391.00
3;201601;16;804.00
10;201606;23;397.00
13;201603;8;636.00
37;201607;20;455.00
27;201603;5;834.00
33;201609;4;307.00
6;201605;21;401.00
11;201607;15;156.00
48;201601;13;344.00
11;201602;13;739.00
34;201603;8;668.00
39;201611;7;454.00
28;201605;15;296.00
6;201601;24;328.00
16;201606;14;409.00
4;201608;5;888.00
43;201606;21;587.00
47;201610;6;548.00
39;201601;20;189.00
18;201604;4;986.00
21;201604;9;154.00
24;201609;17;540.00
12;201601;5;885.00
11;201606;12;984.00
25;201604;14;187.00
50;201612;25;953.00
29;201610;14;213.00
31;201606;11;520.00
17;201610;7;497.00
8;201606;7;90.00
19;201612;24;56.00
44;201601;1;863.00
33;201603;3;336.00
12;201610;15;987.00
46;201603;22;356.00
48;201608;13;965.00
17;201610;6;256.00
19;201606;5;689.00
28;201608;21;857.00
12;201609;5;840.00
13;201604;9;616.00
5;201607;18;237.00
28;201607;21;302.00
29;201604;19;369.00
27;201603;6;468.00
39;201604;10;423.00
46;201611;8;519.00
29;201605;5;89.00
7;201608;22;443.00
4;201604;13;216.00
50;201605;22;213.00
27;201609;17;515.00
21;201609;19;40.00
36;201604;9;929.00
12;201609;14;748.00
34;201609;21;706.00
33;201602;5;849.00
7;201605;12;884.00
38;201610;4;34.00
11;201602;13;420.00
40;201603;16;984.00
46;201612;2;784.00
6;201609;19;630.00
14;201604;7;986.00
42;201607;4;397.00
24;201602;3;49.00
27;201605;11;535.00
39;201607;13;61.00
50;201610;16;310.00
42;201601;4;38.00
6;201609;5;614.00
33;201610;12;107.00
48;201607;3;940.00
35;201604;16;51.00
37;201602;15;62.00
11;201609;3;52.00
2;201609;14;870.00
12;201602;24;531.00
29;201603;2;311.00
12;201605;20;903.00
34;201602;2;307.00
42;201606;23;958.00
12;201604;8;270.00
17;201607;20;984.00
6;201610;5;525.00
18;201605;13;30.00
5;201611;1;241.00
15;201604;14;415.00
9;201607;20;440.00
16;201612;24;250.00
34;201608;6;986.00
27;201602;5;881.00
31;201603;5;398.00
27;201610;3;538.00
30;201604;11;405.00
25;201607;8;978.00
32;201608;19;999.00
37;201609;9;568.00
48;201602;6;536.00
20;201611;16;601.00
47;201604;14;843.00
43;201601;16;179.00
24;201601;6;724.00
32;201606;11;983.00
6;201608;3;430.00
4;201610;10;494.00
49;201602;10;789.00
42;201606;14;921.00
20;201602;15;370.00
6;201612;11;566.00
34;201607;1;780.00
38;201602;10;794.00
24;201603;15;93.00
8;201601;5;657.00
26;201608;18;40.00
32;201611;21;163.00
37;201604;16;955.00
22;201602;16;323.00
47;201607;7;755.00
24;201609;14;828.00
10;201603;25;23.00
10;201605;16;180.00
25;201611;14;7.00
25;201605;8;254.00
14;201604;16;368.00
31;201612;2;488.00
27;201611;16;187.00
3;201606;8;198.00
43;201601;18;94.00
18;201612;19;318.00
4;201607;10;6.00
11;201606;24;84.00
32;201603;18;228.00
27;201604;4;677.00
23;201611;3;769.00
48;201605;9;785.00
38;201602;24;798.00
28;201610;21;238.00
31;201607;6;863.00
22;201605;24;484.00
27;201611;6;154.00
48;201601;18;15.00
50;201609;7;852.00
45;201605;11;446.00
23;201607;8;426.00
27;201606;15;560.00
10;201602;3;223.00
35;201601;6;824.00
47;201604;7;645.00
49;201611;1;327.00
34;201610;13;689.00
16;201601;6;566.00
2;201612;20;645.00
34;201603;5;827.00
14;201606;19;817.00
24;201611;6;948.00
15;201606;11;428.00
42;201602;25;351.00
17;201612;11;653.00
43;201603;4;335.00
38;201612;25;904.00
42;201602;6;902.00
20;201609;23;530.00
43;201611;22;394.00
32;201607;7;627.00
39;201610;18;682.00
33;201608;20;901.00
7;201603;13;820.00
20;201606;23;999.00
19;201608;2;214.00
23;201606;17;20.00
19;201608;25;402.00
21;201601;12;981.00
43;201607;10;273.00
28;201608;23;944.00
47;201604;9;638.00
50;201612;14;832.00
21;201602;13;881.00
37;201605;15;797.00
19;201612;2;482.00
1;201607;7;855.00
44;201610;22;324.00
36;201611;12;886.00
20;201612;14;787.00
49;201610;14;992.00
31;201611;22;857.00
14;201605;11;100.0
24;201607;3;331.00
28;201607;15;434.00
39;201605;2;728.00
6;201609;8;739.00
34;201601;7;377.00
42;201611;21;779.00
11;201605;8;401.00
35;201611;12;859.00
19;201612;15;794.00
7;201608;2;704.00
7;201601;6;290.00
43;201612;9;880.00
50;201609;9;620.00
24;201608;14;262.00
15;201611;9;360.00
32;201605;25;69.00
28;201607;2;156.00
50;201603;4;81.00
1;201605;19;197.00
5;201604;14;891.00
2;201607;10;960.00
48;201606;8;711.00
10;201611;20;927.00
23;201612;8;692.00
49;201610;12;36.00
50;201608;15;821.00
1;201607;23;931.00
9;201605;8;891.00
50;201612;14;21.00
34;201605;18;787.00
10;201605;13;137.00
41;201611;9;225.00
11;201609;25;563.00
37;201612;10;911.00
26;201604;19;124.00
22;201607;25;610.00
32;201602;6;457.00
29;201601;23;570.00
31;201603;14;396.00
19;201606;14;541.00
10;201607;9;894.00
35;201603;21;564.00
5;201608;3;754.00
36;201604;15;522.00
35;201602;2;831.00
42;201604;16;811.00
15;201607;1;232.00
4;201604;11;272.00
6;201606;12;515.00
6;201608;22;94.00
47;201611;10;439.00
5;201610;11;372.00
7;201607;4;278.00
19;201603;17;617.00
6;201612;23;505.00
36;201609;18;830.00
11;201603;6;253.00
11;201612;24;997.00
47;201604;4;284.00
35;201603;21;827.00
41;201608;20;34.00
50;201607;25;981.00
11;201607;23;736.00
42;201611;10;166.00
21;201608;17;168.00
12;201605;13;246.00
22;201606;9;693.00
7;201605;17;59.00
40;201612;2;683.00
49;201605;3;279.00
5;201602;2;943.00
34;201601;4;648.00
8;201611;12;856.00
48;201605;13;147.00
12;201610;19;551.00
7;201607;19;82.00
3;201607;5;978.00
49;201603;11;378.00
13;201603;19;954.00
28;201612;3;158.00
17;201612;9;213.00
8;201607;6;784.00
14;201610;21;705.00
48;201604;13;579.00
4;201601;14;247.00
25;201608;6;173.00
6;201605;16;887.00
14;201607;16;754.00
3;201605;18;769.00
38;201611;6;749.00
2;201606;18;141.00
25;201607;25;247.00
7;201601;2;182.00
2;201612;14;468.00
6;201612;20;457.00
22;201602;10;944.00
48;201608;24;472.00
7;201601;7;75.00
40;201606;1;531.00
40;201603;10;679.00
37;201611;8;734.00
28;201604;20;960.00
32;201604;9;907.00
45;201607;15;940.00
42;201610;4;545.00
2;201609;9;51.00
26;201604;2;269.00
2;201606;9;487.00
48;201610;23;731.00
9;201603;12;919.00
39;201608;10;910.00
4;201605;10;561.00
1;201611;1;150.00
30;201609;24;552.00
31;201601;14;871.00
18;201612;21;751.00
32;201604;10;731.00
44;201612;19;938.00
29;201605;1;498.00
49;201605;6;549.00
30;201604;15;154.00
49;201602;8;993.00
8;201610;11;285.00
9;201605;3;15.00
1;201603;22;745.00
25;201610;15;496.00
2;201602;6;840.00
4;201601;25;918.00
33;201612;19;396.00
47;201606;25;871.00
10;201603;16;955.00
50;201611;24;723.00
26;201608;24;679.00
22;201607;8;361.00
38;201602;2;260.00
43;201604;15;210.00
45;201605;8;458.00
4;201608;12;759.00
45;201601;16;352.00
19;201609;4;460.00
14;201603;16;829.00
23;201604;23;683.00
27;201604;24;21.00
22;201604;16;459.00
21;201606;19;953.00
18;201603;5;457.00
7;201602;20;973.00
24;201609;1;574.00
45;201611;19;38.00
43;201608;4;765.00
1;201609;21;699.00
50;201607;19;723.00
27;201609;4;278.00
41;201609;25;672.00
19;201608;3;63.00
9;201602;19;484.00
50;201605;5;747.00
24;201612;1;249.00
40;201604;13;190.00
31;201601;5;55.00
2;201603;21;516.00
34;201612;25;660.00
41;201608;16;522.00
42;201611;25;336.00
14;201604;24;933.00
49;201604;21;871.00
20;201510;24;738.00
18;201503;20;609.00
50;201507;19;602.00
8;201510;1;629.00
44;201511;19;162.00
31;201502;9;128.00
48;201510;18;667.00
8;201512;25;691.00
21;201508;9;154.00
15;201501;15;966.00
50;201504;6;489.00
3;201502;5;483.00
34;201502;16;190.00
42;201512;15;798.00
14;201505;8;733.00
12;201506;14;528.00
22;201507;11;393.00
40;201506;20;320.00
15;201510;19;643.00
11;201506;16;585.00
39;201505;12;856.00
31;201511;21;783.00
26;201510;18;64.00
45;201507;15;288.00
36;201510;22;638.00
13;201511;20;998.00
42;201512;25;817.00
23;201501;18;969.00
16;201508;6;759.00
24;201507;21;966.00
38;201502;14;335.00
43;201510;15;928.00
12;201501;4;788.00
33;201501;19;363.00
44;201502;11;875.00
39;201511;24;970.00
36;201510;17;911.00
11;201505;9;243.00
47;201505;17;766.00
21;201503;8;84.00
15;201503;17;904.00
24;201512;4;112.00
37;201511;10;329.00
17;201509;16;704.00
26;201507;24;907.00
16;201502;18;595.00
45;201505;25;934.00
41;201506;17;506.00
3;201505;1;680.00
14;201501;12;600.00
49;201511;21;88.00
45;201507;18;700.00
17;201507;15;929.00
10;201505;15;27.00
8;201506;9;104.00
43;201503;21;83.00
21;201508;11;570.00
25;201508;10;286.00
29;201510;7;875.00
40;201512;1;215.00
35;201511;12;39.00
16;201502;13;859.00
43;201512;17;913.00
8;201508;17;183.00
19;201505;19;673.00
32;201505;22;242.00
36;201510;25;939.00
10;201502;24;979.00
4;201503;13;414.00
16;201501;14;160.00
36;201511;12;750.00
36;201505;14;300.00
15;201509;13;978.00
21;201510;16;658.00
18;201509;5;683.00
32;201507;5;86.00
12;201509;22;380.00
9;201508;19;277.00
29;201509;21;772.00
40;201506;11;390.00
40;201507;10;24.00
50;201508;13;616.00
22;201508;12;864.00
1;201512;15;479.00
15;201512;16;982.00
14;201504;12;165.00
37;201505;11;95.00
19;201509;16;430.00
7;201511;15;545.00
27;201508;8;130.00
21;201511;13;404.00
45;201506;21;558.00
13;201502;16;649.00
37;201501;24;989.00
24;201501;22;794.00
18;201501;5;181.00
5;201507;3;409.00
12;201510;15;231.00
20;201506;24;776.00
20;201506;20;523.00
16;201510;21;975.00
48;201508;21;845.00
21;201511;24;208.00
1;201509;10;557.00
19;201512;8;126.00
43;201510;22;845.00
4;201502;14;84.00
13;201509;16;294.00
16;201503;14;799.00
48;201508;22;908.00
15;201503;20;899.00
10;201506;11;174.00
50;201502;11;998.00
34;201501;4;132.00
41;201506;22;910.00
24;201512;9;754.00
30;201506;15;637.00
7;201504;13;103.00
47;201510;24;822.00
9;201502;9;796.00
30;201502;18;239.00
42;201512;21;270.00
43;201502;22;772.00
5;201507;23;846.00
17;201503;25;19.00
27;201503;22;968.00
35;201504;18;251.00
30;201508;18;495.00
37;201504;1;755.00
22;201503;24;686.00
18;201507;17;781.00
37;201503;11;47.00
10;201503;21;247.00
13;201506;25;283.00
50;201501;1;818.00
50;201512;7;343.00
33;201504;24;763.00
25;201505;22;799.00
21;201512;13;184.00
12;201511;22;552.00
46;201506;13;874.00
21;201508;4;584.00
1;201503;6;6.00
43;201504;9;43.00
23;201506;9;648.00
27;201501;7;842.00
34;201501;13;110.00
38;201502;13;982.00
47;201503;18;722.00
35;201504;11;792.00
10;201511;15;100.00
50;201510;14;948.00
10;201512;14;29.00
8;201501;8;747.00
42;201506;4;400.00
35;201501;11;527.00
1;201512;4;948.00
9;201503;25;524.00
33;201512;7;362.00
50;201508;8;761.00
17;201510;19;833.00
43;201502;12;366.00
39;201507;3;686.00
7;201511;9;991.00
2;201503;21;225.00
24;201511;3;603.00
6;201505;25;803.00
31;201501;18;255.00
18;201511;1;820.00
11;201506;17;511.00
32;201512;17;67.00
3;201507;22;31.00
1;201506;8;312.00
34;201502;11;275.00
45;201502;10;835.00
6;201509;14;618.00
48;201503;15;982.00
45;201504;6;204.00
44;201503;9;511.00
18;201504;14;18.00
14;201505;1;539.00
14;201508;11;41.00
33;201503;1;603.00
28;201509;6;510.00
49;201509;19;946.00
42;201512;7;568.00
20;201503;9;990.00
11;201510;4;990.00
1;201502;9;823.00
29;201507;11;729.00
45;201505;10;921.00
32;201507;23;450.00
41;201510;4;671.00
36;201509;1;762.00
13;201505;5;112.00
39;201510;3;576.00
16;201501;19;497.00
19;201502;17;551.00
33;201505;16;422.00
1;201505;8;987.00
11;201512;20;940.00
16;201506;25;996.00
6;201508;20;449.00
14;201507;13;534.00
43;201508;10;736.00
27;201504;23;299.00
35;201501;10;345.00
25;201505;1;718.00
34;201511;23;249.00
20;201501;6;436.00
26;201509;13;72.00
29;201512;17;564.00
45;201501;14;478.00
12;201506;7;592.00
47;201503;10;269.00
40;201512;4;858.00
12;201505;2;761.00
46;201507;3;719.00
24;201508;1;948.00
43;201508;5;468.00
34;201507;23;609.00
30;201505;17;641.00
21;201502;23;360.00
8;201502;11;184.00
22;201505;15;93.00
34;201512;7;484.00
38;201509;15;461.00
31;201501;24;787.00
9;201505;1;630.00
25;201504;8;154.00
13;201505;5;915.00
45;201501;7;762.00
18;201506;8;921.00
30;201506;13;874.00
10;201505;20;422.00
15;201507;18;375.00
17;201504;9;788.00
29;201503;8;861.00
15;201508;9;825.00
33;201502;6;412.00
24;201501;5;42.00
49;201510;6;28.00
46;201509;21;606.00
4;201508;5;703.00
34;201506;9;253.00
36;201502;12;125.00
25;201509;6;944.00
36;201503;22;635.00
31;201508;3;47.00
14;201504;19;384.00
28;201508;21;389.00
44;201503;7;411.00
8;201511;16;37.00
30;201511;8;733.00
49;201511;17;212.00
14;201507;2;298.00
46;201508;25;156.00
28;201503;2;126.00
5;201508;17;344.00
33;201505;5;677.00
31;201501;20;509.00
37;201511;20;451.00
45;201508;18;792.00
2;201511;14;41.00
2;201501;6;800.00
34;201510;13;523.00
41;201504;14;129.00
22;201509;19;737.00
17;201509;15;709.00
1;201502;24;757.00
1;201504;24;236.00
9;201504;10;841.00
45;201505;5;764.00
25;201502;25;515.00
41;201501;10;165.00
1;201512;21;94.00
44;201506;14;285.00
9;201507;10;742.00
13;201506;15;346.00
12;201506;10;846.00
22;201509;17;378.00
43;201503;8;429.00
22;201511;14;813.00
50;201504;16;437.00
35;201503;15;340.00
18;201501;7;123.00
34;201501;10;655.00
44;201511;12;960.00
50;201506;9;500.00
6;201502;21;89.00
21;201507;13;509.00
31;201507;18;199.00
21;201501;19;99.00
30;201502;20;820.00
13;201509;20;165.00
24;201506;24;869.00
10;201505;16;635.00
17;201512;13;532.00
24;201503;17;790.00
27;201503;17;146.00
10;201501;24;598.00
17;201511;18;799.00
39;201501;23;174.00
49;201502;18;725.00
36;201502;6;108.00
10;201508;18;925.00
41;201511;23;52.00
7;201502;10;35.00
13;201503;13;592.00
21;201510;13;775.00
29;201504;4;538.00
7;201511;11;354.00
43;201507;6;693.00
44;201508;16;536.00
23;201507;10;804.00
36;201501;5;536.00
26;201502;23;258.00
21;201503;17;408.00
44;201506;7;149.00
35;201501;2;782.00
8;201503;2;481.00
41;201508;21;419.00
26;201505;2;111.00
16;201503;7;867.00
44;201509;17;536.00
13;201507;3;100.00
15;201505;25;238.00
47;201510;13;888.00
24;201509;16;226.00
44;201511;11;824.00
16;201507;24;424.00
26;201511;5;236.00
8;201512;1;51.00
4;201507;1;611.00
35;201501;1;827.00
47;201508;14;342.00
43;201501;12;792.00
7;201503;22;149.00
19;201510;21;578.00
13;201503;24;287.00
14;201502;21;348.00
47;201511;21;793.00
41;201507;20;921.00
23;201510;11;567.00
25;201504;1;232.00
15;201506;15;226.00
48;201507;16;345.00
3;201511;17;168.00
7;201512;25;202.00
7;201508;18;258.00
16;201508;4;9.00
24;201506;22;271.00
13;201505;1;292.00
26;201505;20;324.00
50;201501;4;990.00
40;201511;19;308.00
7;201510;17;391.00
12;201506;11;257.00
8;201502;10;764.00
41;201510;23;312.00
6;201508;6;196.00
10;201507;9;242.00
41;201501;15;471.00
20;201506;20;854.00
2;201511;7;401.00
40;201506;20;262.00
18;201508;23;897.00
27;201511;17;389.00
40;201507;22;711.00
26;201502;23;870.00
17;201508;22;795.00
22;201508;1;671.00
32;201501;16;970.00
50;201507;14;453.00
24;201502;20;764.00
20;201505;22;6.00
18;201508;25;194.00
30;201512;22;31.00
14;201510;7;431.00
50;201510;14;909.00
31;201505;25;29.00
45;201507;5;523.00
9;201507;4;744.00
5;201504;20;555.00
28;201512;16;689.00
24;201511;11;447.00
41;201507;20;602.00
8;201503;21;289.00
7;201512;6;107.00
26;201510;4;875.00
17;201509;19;386.00
36;201506;17;884.00
37;201504;9;899.00
27;201508;1;606.00
45;201504;18;248.00
19;201507;18;527.00
29;201509;6;172.00
46;201511;22;408.00
40;201512;24;275.00
43;201503;21;514.00
42;201512;19;356.00
33;201504;1;334.00
27;201511;8;203.00
46;201506;11;661.00
42;201508;24;378.00
10;201503;11;613.00
36;201506;3;528.00
1;201503;12;928.00
6;201501;10;28.00
31;201503;23;480.00
18;201511;3;689.00
11;201506;13;773.00
21;201505;7;385.00
42;201508;15;818.00
37;201504;5;812.00
29;201506;8;541.00
28;201501;8;723.00
40;201503;11;168.00
32;201510;21;558.00
41;201508;15;363.00
46;201511;20;58.00
42;201502;19;115.00
20;201501;7;57.00
44;201505;8;666.00
36;201510;22;440.00
45;201512;9;323.00
18;201503;13;186.00
42;201509;17;430.00
9;201509;20;704.00
10;201504;2;178.00
30;201501;2;136.00
18;201510;18;276.00
44;201503;22;271.00
32;201502;2;393.00
48;201507;22;568.00
27;201512;5;347.00
11;201505;3;108.00
45;201508;3;273.00
17;201510;18;885.00
45;201503;3;837.00
17;201511;15;941.00
26;201508;24;434.00
33;201507;9;434.00
41;201502;21;275.00
7;201512;16;496.00
6;201511;22;466.00
40;201509;20;903.00
43;201505;21;192.00
8;201506;10;744.00
44;201503;23;556.00
27;201512;20;303.00
2;201504;7;90.00
50;201511;12;491.00
13;201506;20;673.00
22;201503;18;504.00
37;201503;17;829.00
26;201505;3;211.00
21;201510;10;215.00
38;201503;3;437.00
5;201509;6;504.00
36;201503;19;302.00
40;201505;22;772.00
16;201505;18;171.00
39;201508;18;931.00
22;201512;25;654.00
39;201509;7;813.00
40;201502;16;167.00
13;201510;23;316.00
26;201511;19;416.00
9;201511;9;461.00
45;201507;8;154.00
14;201510;24;320.00
5;201511;13;444.00
25;201511;5;990.00
24;201502;16;275.00
22;201504;13;706.00
28;201502;3;48.00
9;201509;23;147.00
45;201502;23;446.00
24;201502;24;616.00
12;201501;19;933.00
16;201508;12;7.00
35;201512;23;38.00
36;201506;3;160.00
40;201511;6;474.00
9;201504;6;596.00
45;201508;15;13.00
5;201502;14;639.00
26;201506;4;304.00
42;201505;13;145.00
38;201509;18;152.00
26;201503;4;704.00
22;201506;4;809.00
30;201503;19;855.00
18;201502;8;687.00
12;201503;11;700.00
31;201510;9;5.00
22;201511;17;270.00
47;201507;5;736.00
34;201504;15;421.00
40;201512;24;860.00
9;201505;16;579.00
38;201511;6;350.00
5;201510;3;86.00
28;201507;22;669.00
8;201507;11;579.00
41;201504;24;429.00
47;201511;22;742.00
2;201508;7;937.00
44;201512;1;871.00
14;201505;25;482.00
26;201511;1;456.00
50;201504;8;926.00
45;201501;5;706.00
17;201511;14;732.00
38;201509;5;381.00
48;201512;11;156.00
32;201501;6;683.00
42;201508;18;837.00
1;201512;10;570.00
35;201510;11;14.00
29;201503;20;100.00
31;201503;16;275.00
7;201512;23;946.00
30;201505;21;351.00
34;201507;3;290.00
30;201502;13;15.00
10;201510;15;996.00
22;201509;4;776.00
8;201507;10;225.00
2;201509;22;8.00
37;201505;14;874.00
18;201508;3;220.00
28;201508;14;54.00
4;201508;5;259.00
15;201508;12;728.00
33;201506;17;854.00
48;201512;12;578.00
45;201511;15;895.00
47;201512;5;507.00
44;201506;16;809.00
43;201504;22;178.00
34;201508;16;963.00
50;201502;2;567.00
39;201509;7;478.00
13;201510;18;163.00
46;201506;11;104.00
48;201506;13;253.00
12;201504;11;90.00
27;201509;22;352.00
37;201510;8;298.00
23;201502;22;537.00
50;201509;13;122.00
4;201504;3;196.00
26;201509;14;332.00
36;201511;10;794.00
39;201501;1;62.00
30;201503;17;695.00
46;201506;21;257.00
41;201512;9;300.00
16;201509;4;453.00
50;201511;3;238.00
20;201510;13;937.00
3;201512;5;896.00
27;201509;16;143.00
2;201507;14;194.00
45;201507;10;957.00
19;201512;9;177.00
47;201509;20;187.00
24;201507;20;901.00
10;201508;16;340.00
8;201504;14;424.00
30;201507;22;730.00
42;201505;17;669.00
1;201508;4;732.00
7;201503;19;520.00
33;201511;7;72.00
20;201508;18;743.00
32;201506;10;872.00
18;201501;14;945.00
39;201505;22;945.00
39;201509;11;647.00
7;201504;2;725.00
3;201504;9;200.00
20;201511;13;550.00
17;201506;17;762.00
35;201505;12;367.00
17;201502;5;413.00
22;201506;1;916.00
12;201503;19;482.00
4;201501;4;224.00
37;201510;16;395.00
23;201512;18;670.00
34;201504;2;793.00
47;201511;12;611.00
22;201502;14;714.00
40;201503;9;652.00
23;201504;22;219.00
25;201503;9;817.00
22;201502;11;369.00
40;201509;7;194.00
20;201503;13;214.00
37;201509;25;769.00
43;201501;24;741.00
19;201508;19;900.00
24;201506;16;200.00
29;201505;11;875.00
24;201504;2;652.00
40;201505;7;119.00
31;201506;21;150.00
47;201503;7;509.00
49;201511;19;508.00
32;201507;3;516.00
23;201508;19;13.00
37;201503;17;906.00
17;201502;5;430.00
24;201504;25;846.00
6;201507;20;679.00
42;201505;13;704.00
23;201510;9;781.00
35;201507;11;23.00
8;201503;14;119.00
25;201502;4;923.00
48;201502;6;420.00
11;201502;11;206.00
9;201502;8;80.00
39;201508;13;313.00
10;201502;20;818.00
49;201512;21;174.00
32;201509;9;714.00
31;201506;6;187.00
42;201506;13;336.00
10;201509;5;897.00
8;201503;3;634.00
40;201508;22;206.00
13;201502;15;957.00
43;201512;7;88.00
18;201506;25;306.00
40;201506;8;773.00
23;201503;17;450.00
2;201511;6;100.00
1;201505;22;414.00
42;201503;23;876.00
10;201512;7;851.00
12;201505;15;478.00
39;201506;14;341.00
1;201512;19;935.00
20;201512;1;683.00
42;201502;4;792.00
41;201505;3;684.00
7;201507;6;295.00
46;201512;21;988.00
30;201510;7;203.00
15;201502;2;177.00
11;201503;22;392.00
30;201510;7;761.00
27;201503;9;447.00
7;201502;24;895.00
42;201509;3;450.00
50;201512;23;396.00
49;201510;17;280.00
45;201510;7;534.00
2;201506;7;428.00
32;201510;3;875.00
20;201507;5;421.00
19;201501;7;35.00
28;201502;12;488.00
22;201511;25;96.00
1;201505;25;433.00
30;201505;16;698.00
8;201511;18;521.00
11;201506;16;170.00
44;201512;25;436.00
40;201506;21;128.00
26;201506;5;507.00
35;201504;5;937.00
23;201504;25;373.00
35;201505;23;110.00
1;201502;15;505.00
34;201503;10;817.00
49;201501;19;285.00
7;201510;24;806.00
24;201506;13;160.00
49;201511;18;635.00
17;201509;7;324.00
45;201509;11;135.00
38;201512;12;255.00
39;201505;1;143.00
12;201509;13;722.00
14;201512;8;405.00
35;201512;11;519.00
35;201511;16;339.00
8;201507;11;4.00
43;201501;19;72.00
31;201512;5;47.00
5;201511;18;655.00
2;201507;10;601.00
35;201510;4;235.00
24;201507;11;490.00
13;201511;14;265.00
26;201507;20;359.00
5;201510;23;932.00
31;201507;12;267.00
2;201510;9;884.00
6;201511;12;282.00
33;201505;21;785.00
7;201507;25;607.00
28;201510;23;100.00
30;201502;25;272.00
27;201507;22;632.00
46;201507;21;407.00
2;201511;16;110.00
18;201503;22;804.00
19;201502;25;618.00
35;201502;1;360.00
28;201508;2;382.00
50;201511;5;691.00
12;201510;25;814.00
30;201502;8;522.00
5;201509;17;137.00
22;201512;3;988.00
33;201509;15;306.00
10;201508;23;365.00
7;201504;5;614.00
1;201507;20;185.00
30;201505;21;988.00
46;201512;9;189.00
9;201510;18;766.00
35;201505;8;10.00
14;201508;12;985.00
34;201505;6;671.00
49;201502;14;78.00
16;201505;22;360.00
12;201509;2;85.00
48;201501;8;727.00
19;201506;12;849.00
10;201506;16;520.00
21;201511;9;132.00
4;201507;17;951.00
30;201509;23;87.00
31;201507;17;999.00
48;201505;12;903.00
41;201510;23;989.00
10;201508;7;945.00
29;201505;12;313.00
17;201511;12;600.00
5;201510;15;189.00
34;201508;23;318.00
3;201503;17;156.00
27;201511;21;780.00
1;201509;5;521.00
3;201509;14;97.00
47;201501;13;865.00
23;201509;18;205.00
35;201510;21;811.00
27;201512;24;858.00
8;201503;6;535.00
16;201512;25;86.00
39;201506;2;314.00
26;201510;5;399.00
10;201504;5;114.00
18;201508;5;757.00
42;201507;7;86.00
8;201509;21;727.00
2;201506;9;897.00
47;201503;1;21.00
4;201505;5;702.00
36;201507;17;579.00
50;201511;12;243.00
6;201501;11;789.00
37;201505;7;284.00
25;201508;20;503.00
9;201512;1;362.00
47;201503;6;891.00
16;201512;18;815.00
18;201502;18;213.00
45;201511;5;948.00
14;201504;15;1.00
26;201504;20;774.00
16;201510;3;176.00
7;201506;20;895.00
18;201505;3;951.00
9;201501;24;453.00
37;201510;24;985.00
5;201509;3;522.00
9;201509;14;899.00
42;201509;8;577.00
30;201503;25;148.00
23;201510;17;36.00
22;201510;13;157.00
26;201502;17;915.00
34;201507;23;190.00
9;201508;13;457.00
1;201501;3;163.00
40;201506;5;518.00
10;201510;23;937.00
15;201501;12;696.00
30;201506;10;934.00
1;201504;14;810.00
17;201512;17;28.00
36;201511;24;861.00
24;201503;7;52.00
19;201504;25;486.00
37;201507;10;190.00
45;201509;17;985.00
17;201503;18;30.00
14;201510;7;61.00
9;201508;12;181.00
1;201503;19;970.00
39;201505;4;655.00
2;201502;11;371.00
35;201507;22;792.00
25;201512;6;533.00
28;201508;11;126.00
15;201508;1;370.00
11;201509;25;576.00
3;201510;18;20.00
2;201512;6;709.00
32;201511;12;667.00
40;201503;22;662.00
22;201512;17;639.00
11;201502;7;970.00
39;201502;23;167.00
10;201506;12;910.00
31;201504;19;123.00
37;201507;2;646.00
10;201506;1;447.00
17;201503;2;785.00
39;201511;2;433.00
33;201507;14;739.00
20;201503;7;424.00
21;201511;22;354.00
44;201512;11;638.00
26;201512;19;338.00
8;201510;18;608.00
31;201502;8;471.00
37;201509;14;402.00
8;201502;9;782.00
1;201505;2;408.00
41;201502;4;763.00
42;201509;7;34.00
13;201502;7;337.00
40;201506;23;181.00
13;201501;15;194.00
30;201503;24;494.00
2;201502;20;322.00
23;201507;9;795.00
1;201509;25;902.00
18;201505;24;955.00
39;201512;10;137.00
16;201502;8;11.00
43;201507;15;184.00
35;201502;8;2.00
29;201510;5;112.00
3;201509;16;527.00
3;201501;10;207.00
24;201503;7;906.00
19;201505;7;152.00
49;201502;21;728.00
13;201508;13;812.00
21;201512;14;444.00
44;201505;16;89.00
6;201502;9;64.00
50;201506;25;310.00
27;201512;9;766.00
30;201504;24;355.00
44;201501;19;137.00
31;201511;9;455.00
16;201504;19;957.00
6;201504;11;243.00
37;201503;11;591.00
22;201512;3;639.00
24;201503;1;924.00
10;201511;18;400.00
48;201505;9;223.00
32;201501;25;544.00
30;201505;8;960.00
33;201505;1;86.00
36;201509;18;865.00
50;201511;10;441.00
44;201510;16;930.00
15;201506;12;534.00
38;201512;7;983.00
2;201502;8;865.00
18;201501;10;155.00
4;201504;17;476.00
29;201506;25;39.00
47;201503;20;139.00
8;201504;18;878.00
46;201510;6;190.00
1;201509;4;483.00
49;201504;20;242.00
34;201512;2;804.00
41;201511;11;90.00
4;201509;17;655.00
41;201509;11;362.00
40;201501;9;320.00
41;201501;3;742.00
35;201502;22;805.00
24;201507;25;32.00
35;201510;17;19.00
47;201510;21;960.00
6;201508;4;365.00
44;201510;7;108.00
43;201509;12;506.00
21;201505;12;331.00
38;201507;23;798.00
9;201505;21;612.00
16;201506;21;631.00
34;201502;18;7.00
11;201503;18;628.00
27;201508;18;446.00
26;201509;20;147.00
11;201504;5;379.00
20;201510;14;688.00
27;201507;2;158.00
20;201507;4;404.00
30;201505;14;179.00
23;201503;12;740.00
49;201505;4;684.00
8;201510;7;416.00
12;201510;20;388.00
6;201504;22;622.00
9;201509;22;864.00
47;201507;8;770.00
35;201512;13;322.00
46;201503;14;898.00
7;201512;25;88.00
26;201505;24;62.00
4;201506;6;740.00
49;201505;4;707.00
15;201504;17;638.00
15;201504;4;644.00
34;201502;18;794.00
34;201510;19;266.00
5;201510;15;976.00
34;201508;10;840.00
42;201505;2;311.00
41;201505;21;988.00
30;201507;17;577.00
28;201512;24;154.00
41;201505;12;49.00
46;201506;21;868.00
26;201511;11;11.00
10;201509;6;674.00
5;201510;14;42.00
17;201511;11;262.00
20;201501;21;205.00
35;201511;5;80.00
28;201510;19;410.00
34;201507;18;552.00
23;201506;21;544.00
27;201503;4;115.00
45;201508;5;611.00
15;201511;16;347.00
35;201512;6;294.00
46;201506;4;525.00
7;201505;19;4.00
44;201504;19;377.00
47;201505;14;79.00
32;201505;18;547.00
42;201511;4;795.00
48;201509;19;655.00
46;201509;6;353.00
43;201507;14;526.00
44;201502;24;710.00
22;201507;15;199.00
27;201506;12;162.00
42;201507;16;378.00
6;201512;20;364.00
47;201506;21;280.00
23;201503;9;762.00
42;201504;3;845.00
30;201504;22;620.00
36;201504;11;551.00
9;201504;1;311.00
11;201501;12;316.00
26;201509;2;553.00
3;201503;3;585.00
10;201503;6;370.00
18;201501;11;335.00
15;201504;16;714.00
25;201506;11;421.00
26;201506;16;339.00
37;201512;9;737.00
40;201511;22;81.00
28;201512;15;724.00
39;201504;12;935.00
44;201510;23;539.00
7;201506;15;865.00
11;201509;8;884.00
16;201503;19;41.00
3;201509;23;427.00
5;201503;15;810.00
49;201509;20;258.00
9;201503;3;966.00
39;201502;5;18.00
35;201502;4;19.00
10;201506;11;759.00
22;201506;6;636.00
17;201408;15;77.00
11;201411;16;785.00
13;201408;12;951.00
47;201406;20;646.00
39;201406;1;422.00
36;201402;17;920.00
30;201411;4;567.00
16;201402;10;437.00
17;201405;15;704.00
6;201412;5;294.00
38;201408;19;706.00
22;201404;9;110.00
18;201409;15;88.00
9;201407;19;69.00
26;201411;15;17.00
27;201410;3;343.00
36;201407;22;258.00
12;201407;18;949.00
28;201401;16;640.00
44;201404;20;554.00
18;201402;23;832.00
16;201401;4;384.00
35;201409;9;369.00
11;201411;25;746.00
48;201401;1;126.00
13;201410;8;240.00
37;201412;20;392.00
29;201411;2;496.00
36;201412;6;718.00
37;201403;6;151.00
6;201409;25;468.00
2;201409;22;516.00
36;201401;8;521.00
45;201403;17;231.00
8;201405;4;571.00
8;201407;6;94.00
26;201410;24;932.00
6;201404;2;920.00
37;201409;21;52.00
36;201405;12;182.00
7;201403;5;264.00
45;201412;6;655.00
40;201407;6;561.00
28;201403;17;890.00
17;201407;17;661.00
47;201409;19;117.00
8;201407;20;164.00
30;201409;23;806.00
32;201408;18;223.00
50;201408;3;430.00
33;201404;11;807.00
17;201408;5;105.00
50;201410;19;521.00
4;201404;9;325.00
46;201408;11;852.00
4;201405;23;824.00
42;201404;24;17.00
4;201412;10;210.00
15;201411;4;308.00
12;201401;10;646.00
40;201408;16;376.00
11;201407;21;339.00
48;201411;4;62.00
47;201408;12;642.00
49;201401;20;826.00
41;201403;5;808.00
39;201407;5;575.00
23;201402;9;709.00
44;201402;21;105.00
25;201405;17;944.00
25;201407;24;864.00
8;201412;3;34.00
35;201405;16;317.00
19;201411;25;957.00
14;201411;8;551.00
14;201405;24;950.00
23;201410;10;665.00
28;201402;7;179.00
2;201410;23;643.00
30;201405;20;686.00
14;201412;24;250.00
46;201403;24;754.00
49;201408;3;872.00
41;201407;3;191.00
11;201408;25;53.00
31;201411;22;14.00
21;201405;5;898.00
31;201404;10;327.00
46;201412;21;924.00
21;201408;19;881.00
20;201409;4;895.00
26;201404;19;884.00
15;201409;10;913.00
6;201401;25;524.00
36;201404;5;775.00
3;201405;12;894.00
42;201409;9;886.00
49;201407;3;123.00
6;201408;16;84.00
17;201406;21;773.00
50;201403;5;703.00
14;201405;3;24.00
31;201402;10;706.00
19;201401;11;250.00
41;201412;9;65.00
47;201403;9;760.00
21;201407;9;338.00
29;201411;6;424.00
4;201406;18;772.00
29;201410;15;685.00
31;201406;2;53.00
23;201406;2;817.00
49;201410;9;922.00
14;201404;5;223.00
8;201401;6;68.00
42;201405;4;994.00
43;201411;2;616.00
5;201403;13;338.00
18;201407;18;691.00
35;201406;16;37.00
31;201405;5;130.00
18;201407;21;737.00
41;201403;4;748.00
34;201402;1;414.00
4;201410;10;519.00
33;201405;2;721.00
28;201411;8;885.00
23;201404;3;875.00
50;201411;5;436.00
26;201404;5;404.00
40;201405;22;757.00
45;201412;12;581.00
29;201401;22;852.00
40;201411;15;587.00
49;201407;23;664.00
15;201403;16;762.00
17;201404;5;442.00
19;201407;7;515.00
42;201402;21;775.00
3;201404;16;3.00
23;201401;22;465.00
48;201411;22;642.00
20;201409;14;979.00
20;201410;2;646.00
48;201412;16;454.00
26;201412;15;208.00
31;201402;24;529.00
20;201406;8;490.00
47;201401;19;751.00
40;201412;25;732.00
10;201405;17;799.00
7;201405;24;11.00
9;201408;2;919.00
8;201405;18;981.00
47;201405;16;89.00
40;201405;3;747.00
14;201409;9;100.00
45;201402;12;176.00
22;201402;16;184.00
7;201411;19;880.00
7;201407;25;752.00
47;201403;6;281.00
46;201411;8;395.00
11;201412;5;599.00
29;201410;8;333.00
2;201402;9;333.00
11;201401;9;179.00
24;201411;18;314.00
41;201405;11;926.00
48;201405;3;805.00
45;201406;22;754.00
39;201403;13;917.00
48;201403;19;869.00
36;201406;2;694.00
28;201402;15;709.00
23;201401;9;488.00
30;201411;24;713.00
5;201409;18;874.00
13;201409;11;164.00
6;201406;11;673.00
7;201404;6;842.00
45;201412;1;333.00
22;201412;10;522.00
50;201411;13;193.00
39;201402;11;499.00
24;201407;3;432.00
11;201410;9;77.00
19;201407;13;32.00
6;201407;3;54.00
8;201403;15;422.00
47;201405;20;295.00
7;201401;18;687.00
20;201406;4;449.00
22;201402;7;330.00
40;201406;1;209.00
49;201405;3;548.00
39;201401;6;806.00
16;201410;18;608.00
50;201402;20;130.00
36;201412;25;896.00
10;201405;15;605.00
20;201403;19;647.00
27;201405;7;369.00
23;201403;16;132.00
8;201406;24;738.00
13;201404;23;883.00
35;201410;14;959.00
38;201412;9;16.00
2;201406;21;493.00
9;201406;5;470.00
18;201405;11;208.00
23;201404;7;593.00
31;201406;3;541.00
32;201401;14;399.00
39;201406;8;120.00
28;201403;22;489.00
44;201406;12;972.00
45;201410;17;877.00
40;201408;7;562.00
46;201408;11;774.00
40;201408;14;367.00
27;201403;11;90.00
42;201403;7;610.00
1;201401;9;674.00
25;201409;14;683.00
30;201403;16;511.00
49;201405;3;799.00
2;201412;13;339.00
34;201411;5;761.00
49;201406;4;47.00
19;201402;25;883.00
43;201403;3;388.00
42;201404;6;750.00
14;201401;9;774.00
12;201408;8;944.00
34;201406;22;994.00
2;201406;24;923.00
14;201407;17;330.00
24;201405;9;357.00
7;201401;21;817.00
21;201410;2;607.00
5;201408;8;857.00
46;201401;6;237.00
39;201407;18;339.00
32;201408;23;148.00
46;201402;21;732.00
19;201407;19;698.00
39;201405;24;986.00
48;201406;25;719.00
22;201402;18;434.00
6;201406;3;958.00
31;201407;22;833.00
15;201409;13;71.00
23;201410;10;275.00
9;201404;24;504.00
42;201408;5;936.00
37;201405;15;196.00
2;201406;4;676.00
45;201402;18;846.00
5;201411;4;735.00
48;201402;13;520.00
44;201406;1;949.00
35;201408;14;741.00
39;201410;19;151.00
7;201408;13;820.00
1;201406;14;694.00
49;201412;1;772.00
42;201410;17;68.00
36;201410;15;300.00
13;201406;21;111.00
12;201412;7;438.00
18;201404;18;188.00
35;201410;7;606.00
34;201405;10;496.00
38;201402;7;421.00
46;201407;25;469.00
3;201412;11;148.00
38;201410;3;493.00
50;201410;1;707.00
13;201409;21;590.00
13;201404;19;735.00
20;201407;3;582.00
45;201405;13;774.00
46;201404;23;655.00
15;201409;18;413.00
33;201409;23;983.00
27;201408;22;172.00
5;201408;9;158.00
12;201411;7;11.00
45;201411;23;980.00
26;201411;7;394.00
15;201406;6;572.00
31;201403;23;457.00
23;201404;14;846.00
29;201403;22;809.00
15;201404;3;887.00
32;201403;7;26.00
27;201411;10;908.00
36;201411;25;26.00
37;201405;1;139.00
50;201406;15;294.00
30;201403;9;485.00
16;201403;4;926.00
36;201404;8;405.00
32;201407;10;649.00
18;201402;2;647.00
26;201410;19;558.00
13;201402;2;800.00
10;201408;16;869.00
42;201410;13;728.00
23;201412;17;300.00
18;201408;10;138.00
23;201410;6;289.00
29;201409;15;290.00
24;201402;17;795.00
45;201405;25;628.00
38;201401;12;761.00
2;201406;5;506.00
10;201407;7;52.00
37;201405;19;117.00
41;201401;21;212.00
33;201403;25;25.00
43;201403;25;777.00
26;201403;3;421.00
50;201407;20;110.00
5;201405;14;462.00
10;201401;10;381.00
24;201408;6;93.00
2;201401;22;805.00
50;201411;8;485.00
20;201402;12;366.00
2;201403;4;250.00
43;201401;24;872.00
50;201403;13;161.00
40;201406;7;666.00
28;201404;4;247.00
32;201402;10;971.00
15;201407;21;821.00
48;201402;22;132.00
25;201403;10;769.00
37;201405;17;659.00
24;201401;20;910.00
27;201403;21;440.00
15;201412;23;984.00
9;201407;8;717.00
40;201404;21;655.00
37;201411;22;631.00
43;201401;7;956.00
17;201409;9;300.00
42;201408;25;254.00
34;201406;6;512.00
45;201403;7;265.00
21;201402;8;338.00
19;201408;3;36.00
45;201412;8;644.00
7;201407;11;868.00
21;201405;21;754.00
44;201405;17;22.00
37;201409;21;935.00
29;201406;4;476.00
48;201404;20;361.00
49;201403;9;413.00
3;201404;4;540.00
43;201404;17;599.00
26;201402;8;799.00
11;201406;20;69.00
22;201404;22;779.00
43;201408;13;294.00
32;201404;24;398.00
14;201401;17;935.00
7;201405;3;703.00
49;201408;13;251.00
25;201411;10;336.00
15;201406;25;111.00
18;201401;10;329.00
44;201406;17;272.00
37;201410;12;408.00
19;201412;9;626.00
10;201407;20;806.00
15;201407;21;168.00
12;201412;5;75.00
2;201412;12;698.00
37;201405;15;834.00
12;201411;4;27.00
37;201403;3;175.00
44;201408;6;242.00
35;201407;1;437.00
17;201408;6;930.00
8;201403;7;947.00
14;201404;2;576.00
24;201412;16;742.00
6;201401;21;968.00
9;201409;17;839.00
9;201410;24;48.00
9;201411;19;293.00
2;201411;25;322.00
40;201410;2;927.00
41;201403;7;530.00
6;201412;15;230.00
38;201410;8;111.00
4;201410;1;175.00
39;201403;16;838.00
10;201403;17;594.00
45;201403;4;75.00
40;201412;14;940.00
6;201409;8;366.00
14;201410;18;469.00
36;201403;8;994.00
19;201402;14;794.00
15;201410;4;99.00
26;201402;1;58.00
13;201411;3;629.00
33;201401;18;293.00
32;201401;10;670.00
46;201407;17;638.00
30;201404;11;901.00
28;201411;8;554.00
36;201406;5;920.00
48;201405;17;55.00
19;201411;20;750.00
45;201405;10;411.00
26;201410;13;67.00
29;201406;15;303.00
32;201403;2;373.00
7;201408;11;450.00
38;201402;9;912.00
43;201412;23;75.00
2;201406;19;192.00
22;201407;3;783.00
27;201407;3;608.00
17;201412;4;752.00
45;201403;7;93.00
44;201402;4;489.00
24;201409;2;887.00
8;201410;2;818.00
47;201404;9;132.00
28;201407;23;582.00
15;201412;11;255.00
33;201402;12;601.00
11;201404;11;629.00
42;201412;21;326.00
42;201407;14;18.00
11;201411;7;932.00
25;201402;1;526.00
37;201404;6;320.00
9;201410;10;737.00
47;201408;12;647.00
28;201403;2;748.00
37;201408;4;719.00
21;201403;17;652.00
16;201401;1;431.00
20;201412;25;424.00
9;201401;20;785.00
36;201410;9;354.00
40;201409;5;153.00
50;201403;2;889.00
14;201401;19;796.00
8;201403;20;160.00
2;201409;18;110.00
25;201404;22;680.00
1;201406;21;576.00
25;201409;20;440.00
48;201406;22;188.00
21;201408;11;609.00
8;201401;16;141.00
46;201411;22;778.00
33;201403;12;596.00
34;201402;19;915.00
43;201412;24;398.00
19;201410;25;189.00
2;201402;10;322.00
42;201405;23;21.00
4;201402;25;149.00
30;201403;25;115.00
14;201401;2;519.00
12;201411;15;757.00
8;201412;23;159.00
7;201404;8;233.00
25;201408;1;712.00
34;201406;5;765.00
39;201412;11;733.00
36;201410;8;584.00
12;201405;21;912.00
16;201409;4;255.00
36;201411;11;621.00
50;201407;7;163.00
39;201402;8;524.00
32;201409;14;441.00
14;201405;22;467.00
10;201405;12;645.00
26;201404;6;583.00
36;201407;15;690.00
48;201402;9;294.00
1;201403;11;6.00
31;201410;24;389.00
49;201409;11;278.00
27;201401;8;949.00
3;201412;25;431.00
12;201402;16;73.00
44;201402;19;137.00
46;201402;25;312.00
39;201408;6;952.00
45;201410;14;580.00
8;201402;6;979.00
26;201410;1;314.00
1;201405;13;998.00
3;201411;7;31.00
5;201410;15;586.00
13;201412;12;603.00
4;201411;7;954.00
43;201411;9;136.00
45;201404;2;263.00
22;201406;1;27.00
12;201406;20;182.00
19;201411;9;906.00
7;201411;15;741.00
43;201405;14;475.00
28;201402;7;418.00
24;201405;22;408.00
25;201405;14;554.00
49;201406;24;822.00
31;201411;5;253.00
39;201403;8;801.00
2;201411;24;739.00
39;201405;24;451.00
38;201410;17;582.00
9;201406;3;356.00
45;201403;9;210.00
41;201407;16;955.00
19;201403;8;303.00
20;201403;10;137.00
40;201409;12;775.00
10;201410;20;682.00
21;201411;13;728.00
31;201411;18;607.00
8;201403;24;222.00
10;201402;20;879.00
2;201407;21;623.00
21;201407;11;496.00
12;201405;1;159.00
22;201402;22;566.00
21;201412;18;333.00
21;201407;23;861.00
45;201401;23;195.00
12;201408;12;111.00
6;201407;14;190.00
25;201401;2;337.00
19;201408;16;278.00
21;201407;5;772.00
16;201403;2;580.00
39;201401;6;693.00
29;201410;5;518.00
49;201402;15;663.00
18;201409;18;452.00
34;201408;24;763.00
11;201408;7;521.00
6;201410;24;995.00
27;201412;17;125.00
17;201403;2;468.00
30;201409;22;172.00
30;201403;5;32.00
16;201401;3;584.00
45;201412;3;935.00
45;201409;18;630.00
49;201409;17;945.00
38;201408;9;318.00
5;201409;14;322.00
33;201406;1;296.00
47;201410;24;843.00
17;201405;23;270.00
28;201401;25;961.00
23;201407;21;404.00
28;201410;15;912.00
15;201411;17;208.00
24;201410;20;731.00
24;201406;5;566.00
45;201409;16;740.00
18;201412;23;289.00
49;201405;11;887.00
4;201401;4;601.00
48;201411;12;286.00
20;201406;1;565.00
47;201404;16;949.00
40;201401;14;910.00
5;201408;14;135.00
23;201405;13;866.00
34;201412;22;189.00
12;201401;17;718.00
12;201408;9;389.00
8;201403;17;226.00
2;201410;12;233.00
29;201412;13;574.00
37;201409;3;415.00
5;201406;23;879.00
12;201402;23;7.00
47;201402;8;540.00
14;201404;21;438.00
40;201403;4;697.00
31;201401;21;392.00
50;201402;14;455.00
23;201409;4;541.00
42;201405;24;338.00
22;201409;17;134.00
14;201412;17;354.00
11;201401;2;854.00
33;201404;16;606.00
7;201410;24;57.00
21;201408;13;608.00
33;201408;12;422.00
24;201407;24;85.00
12;201405;23;793.00
36;201407;8;608.00
19;201403;6;550.00
19;201403;6;405.00
13;201409;14;69.00
22;201404;5;349.00
24;201409;2;225.00
31;201401;19;461.00
42;201402;20;77.00
49;201412;2;957.00
30;201405;25;359.00
48;201408;19;813.00
46;201411;3;740.00
19;201412;13;122.00
2;201408;24;442.00
36;201404;24;762.00
6;201407;6;319.00
8;201412;1;865.00
9;201408;2;840.00
16;201409;25;929.00
48;201403;21;289.00
26;201404;19;524.00
47;201411;20;34.00
25;201404;17;988.00
30;201401;2;34.00
24;201401;21;592.00
7;201401;20;60.00
45;201409;11;126.00
25;201404;15;506.00
3;201401;24;197.00
12;201411;3;995.00
47;201402;23;934.00
23;201402;12;792.00
35;201408;7;611.00
50;201407;19;749.00
39;201401;3;936.00
32;201406;12;204.00
30;201410;24;573.00
9;201410;17;812.00
38;201407;6;351.00
16;201403;17;640.00
13;201404;1;782.00
5;201412;5;986.00
2;201401;9;456.00
50;201407;5;748.00
19;201409;5;516.00
39;201405;12;889.00
14;201409;19;327.00
42;201410;10;828.00
48;201404;10;743.00
4;201403;22;490.00
36;201407;17;47.00
47;201409;11;520.00
39;201404;6;207.00
11;201403;4;149.00
44;201412;2;682.00
42;201401;4;282.00
33;201411;13;211.00
46;201412;11;795.00
30;201412;15;166.00
29;201401;7;823.00
14;201402;8;536.00
26;201411;20;466.00
32;201402;13;455.00
50;201406;7;461.00
15;201403;25;801.00
46;201409;21;272.00
3;201403;20;714.00
28;201412;9;943.00
12;201409;2;315.00
25;201409;10;478.00
47;201402;15;37.00
1;201409;8;687.00
35;201411;15;943.00
31;201410;8;122.00
42;201412;11;403.00
30;201411;1;642.00
8;201408;3;260.00
24;201412;17;531.00
24;201409;13;590.00
8;201411;7;301.00
42;201404;5;73.00
23;201405;13;817.00
16;201412;16;704.00
34;201403;23;699.00
12;201404;5;319.00
30;201406;16;371.00
22;201406;17;297.00
11;201403;18;583.00
8;201411;13;746.00
16;201412;18;23.00
45;201410;9;94.00
1;201404;19;656.00
9;201409;2;350.00
17;201401;19;697.00
15;201410;3;212.00
30;201410;16;122.00
13;201407;5;310.00
1;201405;2;684.00
42;201402;19;67.00
33;201409;1;216.00
27;201404;21;428.00
44;201408;12;786.00
29;201405;4;806.00
30;201411;19;28.00
31;201407;19;120.00
48;201410;11;429.00
2;201407;17;55.00
5;201402;5;867.00
7;201406;19;180.00
29;201407;23;650.00
14;201401;9;239.00
12;201408;11;452.00
34;201404;13;718.00
37;201410;5;845.00
45;201408;21;491.00
22;201411;23;173.00
42;201401;5;446.00
45;201403;2;983.00
50;201409;14;198.00
26;201401;12;168.00
38;201410;9;980.00
2;201407;9;543.00
41;201405;24;21.00
21;201411;9;358.00
36;201412;22;907.00
29;201410;14;433.00
24;201403;18;208.00
3;201404;23;282.00
43;201410;20;702.00
1;201411;10;733.00
47;201409;4;875.00
43;201412;18;968.00
50;201402;8;434.00
44;201401;21;865.00
2;201408;18;301.00
16;201401;23;822.00
2;201407;25;487.00
12;201408;15;223.00
28;201409;12;754.00
18;201406;16;414.00
50;201408;24;2.00
48;201406;6;407.00
41;201403;23;449.00
12;201403;22;47.00
46;201412;6;746.00
23;201405;1;873.00
41;201403;24;502.00
20;201410;5;413.00
1;201401;1;497.00
37;201408;20;492.00
2;201408;1;708.00
48;201411;11;179.00
37;201410;7;826.00
36;201405;12;788.00
2;201405;6;157.00
21;201411;12;359.00
17;201406;23;950.00
4;201407;12;168.00
18;201401;25;456.00
48;201402;4;594.00
16;201403;16;216.00
47;201407;23;194.00
10;201412;3;346.00
42;201403;14;291.00
12;201401;16;219.00
45;201408;2;227.00
15;201410;17;597.00
28;201412;10;482.00
40;201403;22;323.00
31;201407;14;870.00
1;201405;21;685.00
50;201406;19;387.00
25;201409;9;792.00
12;201403;25;383.00
33;201405;4;303.00
14;201407;25;530.00
7;201412;1;473.00
33;201407;13;265.00
45;201410;22;770.00
46;201404;25;486.00
10;201405;14;202.00
21;201406;6;395.00
27;201408;24;164.00
38;201404;1;737.00
23;201411;7;168.00
7;201406;9;821.00
40;201406;16;945.00
39;201408;25;148.00
6;201401;24;157.00
20;201402;17;33.00
36;201411;15;997.00
31;201411;22;55.00
2;201407;13;296.00
49;201406;5;752.00
8;201401;25;337.00
9;201411;8;160.00
21;201402;14;435.00
7;201408;6;645.00
25;201405;19;943.00
46;201408;25;511.00
2;201401;2;668.00
35;201402;23;944.00
7;201410;8;421.00
46;201406;19;431.00
19;201405;6;424.00
49;201412;23;488.00
16;201412;20;753.00
6;201412;24;394.00
6;201409;19;320.00
34;201411;20;853.00
21;201403;13;832.00
47;201408;3;852.00
13;201412;3;403.00
15;201410;15;507.00
42;201405;21;360.00
20;201405;25;33.00
22;201407;19;689.00
9;201412;7;607.00
25;201404;3;159.00
18;201410;14;425.00
30;201405;13;484.00
18;201404;8;699.00
22;201409;17;187.00
4;201406;10;211.00
26;201401;17;607.00
17;201405;25;622.00
10;201401;19;322.00
20;201409;11;426.00
46;201408;24;930.00
13;201406;11;98.00
35;201403;23;993.00
49;201404;3;590.00
38;201402;16;153.00
19;201406;4;715.00
16;201408;10;703.00
3;201406;22;777.00
2;201412;12;216.00
49;201403;13;218.00
48;201408;20;256.00
41;201405;15;599.00
28;201401;19;477.00
28;201401;14;142.00
19;201408;19;846.00
8;201410;1;814.00
2;201412;14;873.00
43;201403;10;22.00
20;201406;3;326.00
35;201410;9;153.00
23;201411;5;702.00
32;201408;10;278.00
12;201411;9;252.00
48;201412;5;433.00
30;201410;3;465.00
40;201408;17;171.00
39;201406;5;202.00
25;201412;18;825.00
35;201412;4;402.00
23;201402;17;672.00
9;201404;22;585.00
37;201405;14;359.00
42;201407;23;497.00
2;201408;5;925.00
13;201404;1;328.00
28;201409;21;235.00
23;201404;16;796.00
20;201401;9;952.00
5;201406;10;35.00
41;201409;25;351.00
20;201404;19;7.00
43;201402;20;24.00
20;201403;10;6.00
39;201412;12;58.00
31;201409;10;324.00
17;201403;15;196.00
9;201408;5;483.00
36;201408;19;383.00
44;201401;14;411.00
44;201404;24;160.00
26;201405;21;151.00
26;201407;18;203.00
25;201404;18;122.00
35;201405;21;31.00
32;201404;11;3.00
44;201405;2;340.00
24;201410;18;362.00
38;201404;21;446.00
40;201410;4;373.00
19;201402;6;638.00
4;201411;15;339.00
29;201406;15;869.00
47;201407;5;32.00
35;201412;14;740.00
3;201407;5;130.00
25;201406;18;749.00
50;201405;4;196.00
29;201412;24;561.00
28;201406;24;752.00
13;201404;10;537.00
42;201403;18;200.00
21;201405;19;170.00
35;201406;18;587.00
11;201401;21;488.00
39;201403;23;110.00
14;201410;24;429.00
35;201409;17;37.00
17;201403;20;781.00
50;201404;21;137.00
16;201405;4;135.00
36;201408;9;858.00
46;201401;13;29.00
43;201411;12;25.00
33;201403;2;705.00
39;201405;10;642.00
36;201404;16;549.00
49;201412;11;7.00
20;201401;18;752.00
9;201402;19;845.00
26;201406;10;677.00
21;201406;7;239.00
30;201401;21;354.00
21;201401;24;639.00
35;201405;7;175.00
7;201408;7;103.00
41;201410;16;749.00
11;201401;3;924.00
25;201411;1;838.00
27;201401;24;729.00
27;201411;8;444.00
5;201404;18;598.00
12;201405;21;10.00
44;201410;23;816.00
22;201408;2;77.00
18;201411;2;109.00
11;201402;11;618.00
11;201411;18;677.00
19;201410;14;19.00
12;201409;10;397.00
13;201404;21;92.00
38;201401;6;946.00
46;201409;13;340.00
8;201403;3;299.00
1;201407;7;669.00
32;201412;22;945.00
31;201406;19;61.00
47;201409;23;804.00
23;201410;14;662.00
10;201406;4;70.00
27;201409;6;181.00
32;201405;17;224.00
33;201412;19;231.00
29;201412;6;550.00
39;201412;21;453.00
11;201409;24;154.00
6;201403;1;455.00
12;201407;1;676.00
32;201405;6;761.00
16;201405;21;96.00
27;201406;8;755.00
3;201403;12;607.00
35;201402;10;455.00
20;201405;20;556.00
19;201403;25;754.00
43;201402;1;431.00
7;201407;21;309.00
37;201405;7;247.00
26;201408;7;536.00
30;201406;9;636.00
17;201407;10;271.00
34;201404;5;23.00
39;201405;16;569.00
14;201410;8;446.00
28;201403;22;244.00
45;201404;14;680.00
6;201407;24;930.00
17;201406;15;857.00
25;201401;17;411.00
42;201402;1;282.00
40;201409;17;832.00
35;201409;8;977.00
35;201402;12;280.00
30;201409;21;255.00
47;201402;15;747.00
40;201407;12;130.00
11;201412;20;52.00
30;201405;14;964.00
25;201401;21;866.00
33;201406;4;305.00
14;201411;16;11.00
29;201406;10;712.00